100	1.06226	0
200	0.980392	0.0578927
300	1.0326	0.0575055
400	0.998894	0.0520799
500	1.00267	0.0418007
600	1.00866	0.0352606
700	1.00589	0.0303322
800	1.00585	0.0265407
900	0.995994	0.0253551
1000	0.988977	0.0237706
1100	0.990506	0.0216587
1200	0.986138	0.0202896
1300	0.985987	0.0187294
1400	0.986175	0.0173925
1500	0.989088	0.0164752
1600	0.983378	0.0164052
1700	0.983918	0.0154491
1800	0.985737	0.0146975
1900	0.985782	0.013924
2000	0.988592	0.0135084
2100	0.990628	0.0130177
2200	0.992136	0.012513
2300	0.993606	0.0120551
2400	0.992936	0.0115714
2500	0.99106	0.0112596
2600	0.990955	0.010827
2700	0.989079	0.0105874
2800	0.988656	0.0102177
2900	0.98799	0.00988702
3000	0.987856	0.00955837
3100	0.989081	0.00932816
3200	0.990118	0.0090941
3300	0.98775	0.00912156
3400	0.98994	0.00911251
3500	0.991172	0.00893495
3600	0.991558	0.00869512
3700	0.990083	0.00858434
3800	0.990577	0.00837263
3900	0.990878	0.00816337
4000	0.992105	0.00805094
4100	0.992278	0.00785643
4200	0.992282	0.00766937
4300	0.992522	0.00749479
4400	0.993491	0.00738683
4500	0.993865	0.00723211
4600	0.994179	0.0070817
4700	0.994736	0.00695291
4800	0.994885	0.00680967
4900	0.994263	0.0066991
5000	0.994708	0.00657991
5100	0.994475	0.00645503
5200	0.995301	0.00638356
5300	0.994671	0.00629413
5400	0.995537	0.00623689
5500	0.996206	0.00615927
5600	0.996387	0.00605192
5700	0.995295	0.00604351
5800	0.996398	0.0060391
5900	0.997141	0.00598234
6000	0.996606	0.00590653
6100	0.998228	0.00602822
6200	0.996842	0.00608814
6300	0.996764	0.00599201
6400	0.996815	0.0058986
6500	0.996217	0.00583804
6600	0.996227	0.00574959
6700	0.994381	0.00595274
6800	0.994588	0.00586882
6900	0.993951	0.00581821
7000	0.992195	0.00599426
7100	0.99197	0.00591406
7200	0.991883	0.00583256
7300	0.991575	0.00576079
7400	0.9931	0.00588135
7500	0.99325	0.00580484
7600	0.992574	0.00576765
7700	0.993754	0.00581221
7800	0.993042	0.00578123
7900	0.992269	0.00575943
8000	0.992013	0.00569311
8100	0.990844	0.00574167
8200	0.990379	0.00569045
8300	0.990755	0.00563434
8400	0.990917	0.00556957
8500	0.992088	0.00562588
8600	0.99209	0.00556047
8700	0.99242	0.00550632
8800	0.993416	0.00553308
8900	0.994062	0.00550854
9000	0.993776	0.00545474
9100	0.995212	0.00558043
9200	0.995992	0.0055741
9300	0.996467	0.00553436
9400	0.996517	0.00547571
9500	0.997253	0.00546726
9600	0.997581	0.00542014
9700	0.997496	0.00536492
9800	0.997946	0.00532897
9900	0.998376	0.00529245
10000	0.997939	0.00525754
