100	0.9809	0
200	1.00192	0.0148639
300	0.989502	0.0141778
400	0.998534	0.0132004
500	0.998271	0.010563
600	0.996956	0.00888404
700	0.998019	0.00767825
800	0.997774	0.00672238
900	1.00084	0.00663625
1000	1.00287	0.00627646
1100	1.00207	0.00575666
1200	1.00322	0.00539013
1300	1.00313	0.00497627
1400	1.00329	0.00462338
1500	1.00252	0.00437807
1600	1.00396	0.00433347
1700	1.00406	0.00407988
1800	1.00347	0.00389569
1900	1.0035	0.00369077
2000	1.00252	0.00363407
2100	1.00205	0.00349097
2200	1.00169	0.00335152
2300	1.00132	0.00322594
2400	1.0015	0.00309653
2500	1.002	0.00301253
2600	1.00211	0.00289882
2700	1.00256	0.00282605
2800	1.00272	0.00272952
2900	1.00298	0.0026476
3000	1.00297	0.00255935
3100	1.00263	0.00249925
3200	1.00226	0.00244943
3300	1.00286	0.0024483
3400	1.00215	0.00247609
3500	1.0019	0.00241882
3600	1.00177	0.0023547
3700	1.00223	0.00233533
3800	1.00211	0.00227696
3900	1.00207	0.00221888
4000	1.0017	0.00219409
4100	1.00174	0.00214085
4200	1.00176	0.00208997
4300	1.00177	0.00204138
4400	1.00147	0.00201664
4500	1.00138	0.00197372
4600	1.00129	0.00193322
4700	1.00114	0.00189782
4800	1.00107	0.00185934
4900	1.00118	0.00182464
5000	1.00104	0.00179388
5100	1.00111	0.00176002
5200	1.00088	0.00174125
5300	1.00105	0.0017176
5400	1.00078	0.0017079
5500	1.00062	0.0016839
5600	1.00053	0.00165658
5700	1.00077	0.00164555
5800	1.00053	0.00163488
5900	1.00036	0.00161556
6000	1.00045	0.00159117
6100	1.00002	0.00162419
6200	1.00039	0.0016401
6300	1.00039	0.00161407
6400	1.00048	0.00159126
6500	1.00063	0.00157372
6600	1.00062	0.0015499
6700	1.00104	0.00158276
6800	1.00097	0.00156076
6900	1.00115	0.00154864
7000	1.00166	0.00160607
7100	1.00175	0.00158607
7200	1.00175	0.00156405
7300	1.00185	0.00154559
7400	1.00145	0.00157573
7500	1.00145	0.00155472
7600	1.00165	0.0015469
7700	1.0014	0.00154783
7800	1.00163	0.00154484
7900	1.00181	0.00153589
8000	1.00186	0.00151771
8100	1.00218	0.00153122
8200	1.00232	0.0015194
8300	1.00221	0.00150546
8400	1.00218	0.00148782
8500	1.00191	0.00149414
8600	1.0019	0.00147678
8700	1.00185	0.00146088
8800	1.00163	0.00146112
8900	1.00152	0.00144831
9000	1.00161	0.00143493
9100	1.00124	0.00146721
9200	1.00103	0.00146518
9300	1.00091	0.00145481
9400	1.0009	0.00143934
9500	1.00072	0.00143603
9600	1.00067	0.00142189
9700	1.00072	0.00140798
9800	1.00061	0.00139766
9900	1.0005	0.00138816
10000	1.00054	0.00137496
