0	1	0
1	1.4072	0.00626461
2	1.73793	0.00589958
3	2.01102	0.00826078
4	2.24459	0.00843049
5	2.46581	0.0102405
6	2.66177	0.010128
7	2.83817	0.0122516
8	3.00909	0.0123378
9	3.1709	0.0139976
10	3.31765	0.0134448
11	3.45673	0.0133025
12	3.60147	0.012815
13	3.74596	0.0138489
14	3.87433	0.0141704
15	3.99922	0.0137256
16	4.11614	0.0148149
17	4.23818	0.016281
18	4.35309	0.0170805
19	4.46381	0.0187613
20	4.5685	0.0187353
21	4.67784	0.0193194
22	4.79053	0.018796
23	4.89453	0.0188285
24	4.9953	0.0199015
25	5.08614	0.0205202
26	5.18172	0.0196273
27	5.2887	0.0196804
28	5.38609	0.0197526
29	5.47412	0.0203024
30	5.56031	0.0217974
31	5.65142	0.0214977
32	5.74823	0.0204124
33	5.8375	0.0202902
34	5.92339	0.0199468
35	6.01157	0.0207469
36	6.09216	0.0214511
37	6.17634	0.0216514
38	6.26461	0.0219274
39	6.34798	0.0230066
40	6.41146	0.023663
41	6.47653	0.0245246
42	6.55451	0.0250044
43	6.6286	0.0251629
44	6.70218	0.0255123
45	6.7804	0.0260255
46	6.85031	0.026058
47	6.92469	0.0255522
48	6.99866	0.0265622
49	7.05975	0.0274268
50	7.13985	0.027231
51	7.20691	0.0281216
52	7.27426	0.0279108
53	7.34837	0.0277265
54	7.41854	0.027399
55	7.49005	0.0277764
56	7.54795	0.0281628
57	7.61529	0.028108
58	7.69626	0.0288856
59	7.76357	0.0301554
60	7.82711	0.0304545
61	7.88544	0.0305396
62	7.94112	0.0310145
63	8.00051	0.0313507
64	8.06345	0.0324851
65	8.13406	0.0325199
66	8.19654	0.0331255
67	8.2597	0.033682
68	8.32231	0.0348392
69	8.38537	0.0354726
70	8.45861	0.0352296
71	8.50707	0.0358682
72	8.55286	0.0361358
73	8.61475	0.0363258
74	8.67191	0.0371884
75	8.73351	0.0370359
76	8.78559	0.0376578
77	8.84518	0.0380837
78	8.90761	0.0382911
79	8.97196	0.0389393
80	9.03287	0.0392099
81	9.08724	0.0392164
82	9.14115	0.0392409
83	9.2014	0.0396474
84	9.25673	0.0393288
85	9.31777	0.0405758
86	9.36147	0.0405301
87	9.42174	0.0407449
88	9.47549	0.0411672
89	9.52702	0.0418396
90	9.58764	0.0415659
91	9.63706	0.040756
92	9.69626	0.0418594
93	9.74935	0.0416167
94	9.80862	0.0416498
95	9.87125	0.0422193
96	9.91399	0.0420736
97	9.96876	0.041859
98	10.0154	0.041685
99	10.0627	0.0408338
