0	1	0
1	1.40638	0.00477107
2	1.72611	0.00599446
3	1.99955	0.00771993
4	2.24003	0.00785745
5	2.44202	0.00875061
6	2.63965	0.00901835
7	2.82671	0.0107333
8	2.99788	0.0115239
9	3.16264	0.0120426
10	3.31326	0.0133344
11	3.46422	0.0137005
12	3.60097	0.0139389
13	3.7298	0.0142292
14	3.85509	0.0142504
15	3.97812	0.0151524
16	4.08522	0.0152559
17	4.19466	0.0157181
18	4.30654	0.0161662
19	4.41613	0.0172254
20	4.51956	0.0176497
21	4.62005	0.0178321
22	4.73228	0.0183558
23	4.84328	0.0192154
24	4.94803	0.0198383
25	5.05342	0.0202556
26	5.15194	0.020331
27	5.24885	0.0199714
28	5.35485	0.0213129
29	5.44481	0.0223978
30	5.5261	0.0226652
31	5.62359	0.0229136
32	5.70866	0.0240223
33	5.79799	0.0237515
34	5.88518	0.0243812
35	5.95599	0.0250952
36	6.03376	0.0259093
37	6.10358	0.0254804
38	6.1871	0.025804
39	6.2621	0.026704
40	6.34678	0.0266213
41	6.42595	0.0263736
42	6.49808	0.0270368
43	6.56537	0.0271929
44	6.64097	0.0273379
45	6.71746	0.0281812
46	6.79467	0.0282113
47	6.85521	0.0283251
48	6.92061	0.0282259
49	6.99066	0.0284416
50	7.0558	0.0288474
51	7.12618	0.0280622
52	7.18468	0.0284309
53	7.25535	0.0285354
54	7.31497	0.029427
55	7.38223	0.0287976
56	7.44992	0.028578
57	7.52226	0.0278712
58	7.59988	0.0282169
59	7.66059	0.0293794
60	7.73944	0.0285723
61	7.79977	0.0286062
62	7.85657	0.028692
63	7.91839	0.0302591
64	7.98135	0.0314409
65	8.04317	0.0315033
66	8.11154	0.032108
67	8.16901	0.0318137
68	8.2246	0.0330401
69	8.28117	0.0333842
70	8.34314	0.0327998
71	8.39684	0.0334069
72	8.45334	0.0328702
73	8.50863	0.0330344
74	8.57249	0.0329152
75	8.6424	0.0330016
76	8.68812	0.033469
77	8.74695	0.0342957
78	8.80875	0.0342494
79	8.86305	0.0347175
80	8.92882	0.0355228
81	8.99106	0.0334186
82	9.05093	0.0340069
83	9.09784	0.0347824
84	9.15365	0.034402
85	9.20966	0.0346101
86	9.25841	0.0339111
87	9.31415	0.0339322
88	9.36428	0.0336895
89	9.42569	0.0345806
90	9.48562	0.0347327
91	9.53165	0.03406
92	9.58646	0.033941
93	9.63116	0.0343954
94	9.67873	0.0336429
95	9.72602	0.0341056
96	9.7849	0.0347554
97	9.83157	0.0360022
98	9.87648	0.036498
99	9.91856	0.0365648
