           1     1.20045     1.20045           0
           2     1.19241     1.19643  0.00284364
           3     1.18678     1.19321  0.00323921
           4     1.19749     1.19428  0.00259994
           5     1.19305     1.19404  0.00209169
           6     1.19064     1.19347  0.00181794
           7     1.20429     1.19502  0.00211523
           8     1.20281     1.19599  0.00206308
           9     1.20066     1.19651  0.00189801
          10     1.20836     1.19769  0.00204488
          11     1.19475     1.19743  0.00187638
          12     1.20851     1.19835  0.00193411
          13      1.1921     1.19787  0.00184407
          14     1.20439     1.19834  0.00177021
          15     1.19936      1.1984  0.00165352
          16     1.20356     1.19873  0.00158132
          17     1.19402     1.19845  0.00151233
          18     1.19891     1.19848  0.00142853
          19     1.19152     1.19811   0.0013994
          20     1.20123     1.19827  0.00133809
          21     1.19227     1.19798  0.00130447
          22     1.20321     1.19822  0.00126668
          23     1.19468     1.19806  0.00122094
          24     1.20425     1.19832    0.001197
          25     1.20234     1.19848  0.00115988
          26     1.19896      1.1985  0.00111542
          27     1.19897     1.19852  0.00107424
          28     1.19308     1.19832  0.00105331
          29     1.19543     1.19822  0.00102169
          30     1.20599     1.19848  0.00101991
          31     1.19368     1.19833 0.000998703
          32     1.19984     1.19838 0.000968606
          33     1.19293     1.19821 0.000953183
          34     1.19388     1.19808 0.000933612
          35     1.19704     1.19805 0.000907409
          36     1.19754     1.19804 0.000882318
          37     1.19415     1.19793 0.000864695
          38     1.20113     1.19802 0.000846019
          39     1.19644     1.19798 0.000825296
          40     1.20001     1.19803 0.000806223
          41     1.20555     1.19821 0.000807182
          42     1.19179     1.19806 0.000802305
          43     1.20165     1.19814 0.000787977
          44     1.18515     1.19785 0.000823563
          45     1.21319     1.19819 0.000872996
          46     1.19563     1.19813 0.000855789
          47     1.18658     1.19789 0.000872142
          48     1.21861     1.19832 0.000954877
          49     1.18112     1.19797 0.000997824
          50     1.21797     1.19837  0.00105499
          51     1.19855     1.19837  0.00103431
          52     1.19583     1.19832  0.00101557
          53     1.20304     1.19841   0.0010003
          54     1.19883     1.19842 0.000981805
          55     1.18221     1.19812  0.00100722
          56     1.19549     1.19808 0.000990328
          57     1.20996     1.19829  0.00099466
          58     1.19021     1.19815 0.000987206
          59     1.19825     1.19815 0.000970476
          60     1.19981     1.19818 0.000954694
          61     1.19398     1.19811 0.000941524
          62     1.19671     1.19808 0.000926606
          63     1.19352     1.19801 0.000914725
          64     1.20589     1.19813 0.000908668
          65     1.18636     1.19795 0.000912574
          66     1.18917     1.19782  0.00090841
          67     1.19951     1.19785 0.000895204
          68     1.20117     1.19789 0.000883373
          69     1.19186     1.19781 0.000874889
          70     1.20131     1.19786 0.000863823
          71     1.21049     1.19804 0.000869796
          72     1.18945     1.19792 0.000865844
          73     1.19863     1.19793 0.000854038
          74      1.1762     1.19763 0.000891546
          75     1.20474     1.19773 0.000884685
          76      1.2012     1.19777 0.000874224
          77     1.20325     1.19784  0.00086576
          78     1.19378     1.19779 0.000856227
          79     1.20141     1.19784 0.000846611
          80     1.19589     1.19781 0.000836377
          81     1.19252     1.19775 0.000828605
          82     1.19676     1.19774 0.000818587
          83      1.2038     1.19781 0.000811982
          84     1.20731     1.19792 0.000810151
          85     1.19549     1.19789 0.000801125
          86     1.20457     1.19797 0.000795566
          87     1.19646     1.19795 0.000786611
          88     1.19284      1.1979 0.000779818
          89     1.20049     1.19792 0.000771599
          90     1.18519     1.19778 0.000775888
          91     1.20534     1.19787 0.000771787
          92     1.18678     1.19775 0.000772746
          93     1.20093     1.19778 0.000765193
          94     1.20089     1.19781 0.000757765
          95     1.20458     1.19788 0.000753129
          96     1.18746     1.19778 0.000753073
          97     1.20506     1.19785  0.00074904
          98     1.18417     1.19771 0.000754288
          99     1.20842     1.19782  0.00075438
         100     1.20025     1.19784 0.000747227
