           1    -6.66471    -6.66471           0
           2    -6.65677    -6.66074  0.00280742
           3    -6.65172    -6.65773  0.00308844
           4    -6.66262    -6.65896   0.0025466
           5    -6.65796    -6.65876  0.00204512
           6    -6.65466    -6.65807  0.00181452
           7    -6.67024    -6.65981  0.00223767
           8    -6.66897    -6.66096  0.00223144
           9    -6.66619    -6.66154  0.00205786
          10    -6.67281    -6.66266  0.00213855
          11    -6.65924    -6.66235  0.00196663
          12    -6.67314    -6.66325  0.00199759
          13    -6.65672    -6.66275  0.00190613
          14    -6.66962    -6.66324  0.00183214
          15    -6.66538    -6.66338  0.00171556
          16    -6.66926    -6.66375  0.00164716
          17     -6.6586    -6.66345  0.00157789
          18     -6.6626     -6.6634  0.00149094
          19    -6.65659    -6.66304  0.00145493
          20     -6.6671    -6.66324  0.00139625
          21    -6.65589    -6.66289    0.001373
          22    -6.66849    -6.66315  0.00133396
          23    -6.65917    -6.66298  0.00128715
          24    -6.66911    -6.66323  0.00125862
          25    -6.66877    -6.66345  0.00122764
          26    -6.66371    -6.66346  0.00118046
          27    -6.66351    -6.66346  0.00113674
          28    -6.65661    -6.66322  0.00112216
          29    -6.65969     -6.6631  0.00109006
          30    -6.67086    -6.66336  0.00108401
          31    -6.65782    -6.66318  0.00106363
          32    -6.66438    -6.66322  0.00103105
          33    -6.65666    -6.66302  0.00101876
          34    -6.65783    -6.66286  0.00100016
          35    -6.66061     -6.6628 0.000973654
          36    -6.66259    -6.66279 0.000946626
          37    -6.65814    -6.66267 0.000929364
          38    -6.66469    -6.66272 0.000906431
          39    -6.66061    -6.66267 0.000884804
          40     -6.6654    -6.66274 0.000865319
          41    -6.67017    -6.66292 0.000863009
          42     -6.6573    -6.66278 0.000852763
          43    -6.66632    -6.66287 0.000836882
          44    -6.64987    -6.66257 0.000868437
          45     -6.6778    -6.66291 0.000912698
          46    -6.66159    -6.66288 0.000893308
          47    -6.65061    -6.66262  0.00091162
          48    -6.68367    -6.66306 0.000992525
          49    -6.64541     -6.6627  0.00103556
          50    -6.68295     -6.6631  0.00109122
          51     -6.6634    -6.66311  0.00106983
          52    -6.65985    -6.66305   0.0010511
          53    -6.66799    -6.66314   0.0010354
          54    -6.66304    -6.66314  0.00101623
          55    -6.64617    -6.66283  0.00104355
          56    -6.65865    -6.66275  0.00102758
          57    -6.67489    -6.66297  0.00103138
          58    -6.65555    -6.66284  0.00102149
          59    -6.66411    -6.66286  0.00100441
          60    -6.66431    -6.66288 0.000987959
          61    -6.65865    -6.66282 0.000974194
          62    -6.66123    -6.66279 0.000958817
          63    -6.65803    -6.66271 0.000946572
          64    -6.66986    -6.66283  0.00093835
          65    -6.65041    -6.66263 0.000943169
          66    -6.65385     -6.6625 0.000938216
          67     -6.6647    -6.66253 0.000924787
          68    -6.66543    -6.66258 0.000912164
          69    -6.65585    -6.66248 0.000904139
          70    -6.66563    -6.66252 0.000892344
          71    -6.67633    -6.66272 0.000900708
          72    -6.65334    -6.66259 0.000897576
          73    -6.66372     -6.6626 0.000885415
          74    -6.64107    -6.66231 0.000920034
          75    -6.66991    -6.66241 0.000913331
          76    -6.66623    -6.66246 0.000902689
          77    -6.66816    -6.66254 0.000893991
          78    -6.65842    -6.66249 0.000884085
          79    -6.66718    -6.66255 0.000874892
          80    -6.66035    -6.66252 0.000864386
          81    -6.65664    -6.66245 0.000856755
          82    -6.66166    -6.66244  0.00084636
          83    -6.66863    -6.66251 0.000839447
          84    -6.67175    -6.66262 0.000836624
          85    -6.66015    -6.66259 0.000827284
          86    -6.66985    -6.66268 0.000821958
          87    -6.66118    -6.66266 0.000812689
          88    -6.65826    -6.66261 0.000804992
          89    -6.66482    -6.66263 0.000796333
          90    -6.64898    -6.66248 0.000801805
          91    -6.66873    -6.66255  0.00079593
          92    -6.65149    -6.66243 0.000796301
          93    -6.66431    -6.66245 0.000787994
          94    -6.66606    -6.66249 0.000780548
          95    -6.67021    -6.66257 0.000776547
          96    -6.65161    -6.66246 0.000776812
          97    -6.67013    -6.66253  0.00077282
          98    -6.64769    -6.66238 0.000779641
          99    -6.67398     -6.6625 0.000780519
         100      -6.665    -6.66253 0.000773113
