           1        1.54
           2     1.53985
           3     1.53939
           4     1.53863
           5     1.53756
           6     1.53619
           7     1.53451
           8     1.53254
           9     1.53025
          10     1.52767
          11     1.52479
          12      1.5216
          13     1.51812
          14     1.51434
          15     1.51027
          16      1.5059
          17     1.50123
          18     1.49628
          19     1.49103
          20     1.48549
          21     1.47966
          22     1.47354
          23     1.46712
          24     1.46042
          25     1.45342
          26     1.44614
          27     1.43857
          28     1.43071
          29     1.42256
          30     1.41413
          31     1.40542
          32     1.39643
          33     1.38715
          34      1.3776
          35     1.36778
          36     1.35768
          37     1.34732
          38     1.33668
          39     1.32579
          40     1.31463
          41     1.30322
          42     1.29156
          43     1.27965
          44      1.2675
          45     1.25511
          46     1.24249
          47     1.22965
          48     1.21659
          49     1.20331
          50     1.18983
          51     1.17615
          52     1.16228
          53     1.14823
          54       1.134
          55     1.11962
          56     1.10508
          57      1.0904
          58     1.07558
          59     1.06065
          60      1.0456
          61     1.03046
          62     1.01523
          63    0.999925
          64    0.984562
          65    0.969153
          66    0.953711
          67    0.938251
          68    0.922787
          69    0.907334
          70    0.891908
          71    0.876522
          72    0.861194
          73    0.845939
          74    0.830773
          75    0.815712
          76    0.800772
          77    0.785969
          78    0.771319
          79    0.756838
          80    0.742542
          81    0.728446
          82    0.714566
          83    0.700917
          84    0.687514
          85    0.674371
          86    0.661502
          87    0.648921
          88    0.636642
          89    0.624675
          90    0.613034
          91    0.601729
          92    0.590772
          93    0.580172
          94    0.569937
          95    0.560077
          96    0.550598
          97    0.541508
          98    0.532812
          99    0.524516
         100    0.516623
         101    0.509137
         102    0.502061
         103    0.495395
         104    0.489142
         105    0.483301
         106     0.47787
         107    0.472848
         108    0.468233
         109    0.464022
         110     0.46021
         111    0.456793
         112    0.453767
         113    0.451125
         114    0.448859
         115    0.446964
         116    0.445431
         117    0.444252
         118    0.443419
         119    0.442922
         120    0.442752
         121    0.442899
         122    0.443353
         123    0.444103
         124     0.44514
         125    0.446451
         126    0.448027
         127    0.449856
         128    0.451926
         129    0.454226
         130    0.456746
         131    0.459473
         132    0.462396
         133    0.465504
         134    0.468786
         135    0.472231
         136    0.475826
         137    0.479562
         138    0.483428
         139    0.487414
         140    0.491508
         141    0.495702
         142    0.499984
         143    0.504346
         144    0.508778
         145    0.513271
         146    0.517815
         147    0.522402
         148    0.527024
         149    0.531672
         150     0.53634
         151    0.541018
         152    0.545701
         153    0.550381
         154    0.555051
         155    0.559706
         156     0.56434
         157    0.568947
         158    0.573521
         159    0.578057
         160     0.58255
         161    0.586995
         162    0.591389
         163    0.595728
         164    0.600007
         165    0.604224
         166    0.608374
         167    0.612456
         168    0.616467
         169    0.620403
         170    0.624264
         171    0.628048
         172    0.631751
         173    0.635373
         174    0.638911
         175    0.642365
         176    0.645733
         177    0.649014
         178    0.652208
         179    0.655316
         180    0.658335
         181    0.661267
         182     0.66411
         183    0.666865
         184    0.669532
         185    0.672112
         186    0.674604
         187    0.677008
         188    0.679327
         189    0.681559
         190    0.683707
         191     0.68577
         192     0.68775
         193     0.68965
         194    0.691468
         195    0.693205
         196    0.694864
         197    0.696445
         198    0.697948
         199    0.699378
         200    0.700733
         201    0.702016
         202    0.703227
         203    0.704368
         204    0.705441
         205    0.706447
         206    0.707389
         207    0.708266
         208     0.70908
         209    0.709831
         210    0.710521
         211    0.711152
         212    0.711724
         213     0.71224
         214      0.7127
         215    0.713107
         216    0.713461
         217    0.713763
         218    0.714015
         219    0.714219
         220    0.714375
         221    0.714484
         222    0.714548
         223    0.714567
         224    0.714542
         225    0.714475
         226    0.714366
         227    0.714215
         228    0.714026
         229    0.713798
         230    0.713532
         231     0.71323
         232    0.712891
         233    0.712518
         234    0.712111
         235    0.711671
         236    0.711198
         237    0.710692
         238    0.710157
         239    0.709591
         240    0.708995
         241     0.70837
         242    0.707716
         243    0.707035
         244    0.706327
         245    0.705593
         246    0.704834
         247    0.704051
         248    0.703244
         249    0.702414
         250    0.701563
         251     0.70069
         252    0.699798
         253    0.698886
         254    0.697955
         255    0.697008
         256    0.696044
         257    0.695065
         258    0.694072
         259    0.693066
         260    0.692048
         261    0.691021
         262    0.689983
         263    0.688937
         264    0.687883
         265    0.686824
         266    0.685759
         267    0.684691
         268    0.683621
         269    0.682549
         270    0.681478
         271    0.680409
         272    0.679343
         273    0.678283
         274    0.677228
         275     0.67618
         276    0.675141
         277    0.674113
         278    0.673096
         279    0.672092
         280    0.671101
         281    0.670125
         282    0.669166
         283    0.668225
         284    0.667303
         285    0.666402
         286    0.665522
         287    0.664665
         288    0.663834
         289    0.663028
         290    0.662249
         291    0.661499
         292    0.660778
         293    0.660089
         294    0.659431
         295    0.658807
         296    0.658215
         297    0.657659
         298    0.657139
         299    0.656656
         300     0.65621
         301    0.655802
         302    0.655434
         303    0.655106
         304    0.654819
         305    0.654574
         306    0.654371
         307    0.654211
         308    0.654095
         309    0.654024
         310    0.653999
         311    0.654019
         312    0.654085
         313    0.654199
         314    0.654361
         315    0.654571
         316    0.654829
         317    0.655137
         318    0.655495
         319    0.655902
         320     0.65636
         321    0.656869
         322    0.657428
         323    0.658037
         324    0.658697
         325    0.659409
         326    0.660172
         327    0.660986
         328    0.661852
         329    0.662771
         330    0.663742
         331    0.664764
         332    0.665839
         333    0.666965
         334    0.668142
         335     0.66937
         336    0.670647
         337    0.671975
         338    0.673351
         339    0.674776
         340    0.676247
         341    0.677765
         342    0.679329
         343    0.680937
         344     0.68259
         345    0.684286
         346    0.686023
         347      0.6878
         348    0.689616
         349    0.691471
         350    0.693363
         351     0.69529
         352    0.697251
         353    0.699243
         354    0.701265
         355    0.703317
         356    0.705394
         357    0.707497
         358    0.709624
         359    0.711773
         360    0.713942
         361    0.716131
         362    0.718338
         363     0.72056
         364    0.722797
         365    0.725046
         366    0.727307
         367    0.729576
         368    0.731853
         369    0.734134
         370    0.736419
         371    0.738706
         372    0.740994
         373    0.743281
         374    0.745565
         375    0.747845
         376    0.750118
         377    0.752385
         378    0.754643
         379     0.75689
         380    0.759127
         381     0.76135
         382    0.763559
         383    0.765753
         384    0.767931
         385    0.770092
         386    0.772233
         387    0.774355
         388    0.776455
         389    0.778532
         390    0.780585
         391    0.782612
         392    0.784612
         393    0.786584
         394    0.788525
         395    0.790437
         396    0.792316
         397    0.794162
         398    0.795973
         399    0.797749
         400    0.799489
         401     0.80119
         402    0.802852
         403    0.804475
         404    0.806057
         405    0.807596
         406    0.809092
         407    0.810543
         408     0.81195
         409    0.813311
         410    0.814625
         411    0.815893
         412    0.817112
         413    0.818281
         414    0.819401
         415     0.82047
         416    0.821489
         417    0.822457
         418    0.823374
         419    0.824238
         420     0.82505
         421     0.82581
         422    0.826517
         423    0.827172
         424    0.827774
         425    0.828322
         426    0.828816
         427    0.829257
         428    0.829644
         429     0.82998
         430    0.830263
         431    0.830496
         432    0.830678
         433    0.830809
         434    0.830891
         435    0.830925
         436     0.83091
         437    0.830849
         438    0.830742
         439    0.830591
         440    0.830396
         441     0.83016
         442    0.829883
         443    0.829566
         444    0.829212
         445     0.82882
         446    0.828394
         447    0.827936
         448    0.827446
         449    0.826926
         450    0.826377
         451    0.825801
         452    0.825201
         453    0.824578
         454    0.823934
         455    0.823269
         456    0.822586
         457    0.821885
         458    0.821169
         459    0.820437
         460    0.819693
         461    0.818937
         462    0.818171
         463    0.817397
         464    0.816618
         465    0.815832
         466    0.815042
         467    0.814249
         468    0.813455
         469    0.812658
         470    0.811861
         471    0.811064
         472    0.810269
         473    0.809477
         474    0.808688
         475    0.807903
         476    0.807123
         477    0.806348
         478    0.805579
         479    0.804818
         480    0.804063
         481    0.803316
         482    0.802575
         483    0.801842
         484    0.801114
         485    0.800394
         486    0.799681
         487    0.798976
         488    0.798279
         489    0.797589
         490    0.796908
         491    0.796235
         492    0.795571
         493    0.794915
         494    0.794267
         495    0.793627
         496    0.792997
         497    0.792375
         498    0.791761
         499    0.791156
         500     0.79056
         501    0.789972
         502    0.789395
         503    0.788827
         504    0.788269
         505    0.787721
         506    0.787184
         507    0.786658
         508    0.786144
         509    0.785641
         510    0.785151
         511    0.784674
         512    0.784212
         513    0.783765
         514    0.783334
         515    0.782919
         516    0.782524
         517    0.782149
         518    0.781795
         519    0.781463
         520    0.781154
         521     0.78087
         522    0.780613
         523    0.780382
         524    0.780181
         525    0.780011
         526    0.779874
         527    0.779773
         528    0.779707
         529    0.779679
         530    0.779689
         531    0.779739
         532    0.779832
         533    0.779968
         534    0.780149
         535    0.780377
         536    0.780653
         537    0.780979
         538    0.781356
         539    0.781786
         540     0.78227
         541     0.78281
         542    0.783406
         543    0.784058
         544    0.784769
         545    0.785537
         546    0.786364
         547    0.787249
         548    0.788192
         549    0.789193
         550    0.790251
         551    0.791366
         552    0.792538
         553    0.793766
         554    0.795048
         555    0.796385
         556    0.797773
         557     0.79921
         558    0.800694
         559    0.802223
         560    0.803795
         561    0.805406
         562    0.807055
         563    0.808739
         564    0.810454
         565    0.812197
         566    0.813964
         567    0.815752
         568    0.817557
         569    0.819376
         570    0.821203
         571    0.823035
         572    0.824869
         573      0.8267
         574    0.828525
         575    0.830338
         576    0.832136
         577    0.833913
         578    0.835666
         579    0.837391
         580    0.839083
         581     0.84074
         582    0.842355
         583    0.843925
         584    0.845447
         585    0.846915
         586    0.848327
         587     0.84968
         588    0.850969
         589    0.852193
         590    0.853348
         591    0.854433
         592    0.855443
         593    0.856377
         594    0.857234
         595    0.858011
         596    0.858706
         597    0.859318
         598    0.859846
         599    0.860289
         600    0.860647
         601    0.860919
         602    0.861105
         603    0.861205
         604     0.86122
         605     0.86115
         606    0.860995
         607    0.860757
         608    0.860436
         609    0.860035
         610    0.859556
         611       0.859
         612     0.85837
         613    0.857667
         614    0.856895
         615    0.856056
         616    0.855154
         617    0.854191
         618    0.853171
         619    0.852098
         620    0.850975
         621    0.849807
         622    0.848597
         623    0.847348
         624    0.846066
         625    0.844754
         626    0.843415
         627    0.842056
         628    0.840678
         629    0.839288
         630     0.83789
         631    0.836486
         632    0.835084
         633    0.833685
         634    0.832294
         635    0.830915
         636     0.82955
         637    0.828205
         638    0.826882
         639    0.825586
         640    0.824321
         641    0.823088
         642    0.821891
         643    0.820734
         644     0.81962
         645     0.81855
         646    0.817526
         647     0.81655
         648    0.815625
         649    0.814753
         650    0.813935
         651    0.813173
         652    0.812468
         653    0.811823
         654    0.811236
         655    0.810708
         656    0.810239
         657    0.809829
         658    0.809478
         659    0.809186
         660    0.808955
         661     0.80878
         662    0.808663
         663    0.808602
         664    0.808597
         665    0.808645
         666    0.808746
         667    0.808897
         668    0.809099
         669    0.809349
         670    0.809645
         671    0.809985
         672    0.810366
         673    0.810787
         674    0.811247
         675    0.811743
         676    0.812273
         677    0.812835
         678    0.813427
         679    0.814046
         680     0.81469
         681    0.815356
         682    0.816041
         683    0.816746
         684    0.817465
         685    0.818197
         686    0.818938
         687    0.819687
         688    0.820444
         689    0.821205
         690    0.821967
         691    0.822729
         692    0.823489
         693    0.824245
         694    0.824995
         695    0.825737
         696     0.82647
         697    0.827192
         698    0.827903
         699      0.8286
         700    0.829283
         701     0.82995
         702    0.830599
         703    0.831229
         704    0.831839
         705    0.832429
         706    0.832997
         707    0.833545
         708    0.834071
         709    0.834575
         710    0.835056
         711    0.835515
         712    0.835953
         713    0.836369
         714    0.836765
         715    0.837138
         716    0.837491
         717    0.837823
         718    0.838136
         719    0.838432
         720    0.838712
         721    0.838975
         722    0.839222
         723    0.839455
         724    0.839675
         725    0.839882
         726    0.840078
         727    0.840265
         728    0.840445
         729    0.840618
         730    0.840785
         731    0.840949
         732    0.841111
         733    0.841272
         734    0.841434
         735    0.841597
         736    0.841765
         737    0.841937
         738    0.842115
         739    0.842299
         740    0.842492
         741    0.842694
         742    0.842906
         743    0.843128
         744    0.843361
         745    0.843606
         746    0.843863
         747    0.844132
         748    0.844413
         749    0.844707
         750    0.845016
         751    0.845338
         752    0.845673
         753    0.846021
         754     0.84638
         755    0.846752
         756    0.847135
         757    0.847527
         758    0.847929
         759    0.848339
         760    0.848756
         761    0.849181
         762    0.849612
         763    0.850047
         764    0.850487
         765     0.85093
         766    0.851374
         767    0.851818
         768     0.85226
         769    0.852699
         770    0.853134
         771    0.853564
         772    0.853988
         773    0.854405
         774    0.854814
         775    0.855212
         776    0.855599
         777    0.855975
         778    0.856338
         779    0.856687
         780    0.857022
         781    0.857342
         782    0.857647
         783    0.857933
         784      0.8582
         785    0.858449
         786    0.858678
         787    0.858887
         788    0.859075
         789    0.859243
         790    0.859389
         791    0.859514
         792    0.859618
         793      0.8597
         794    0.859759
         795    0.859798
         796    0.859816
         797    0.859812
         798    0.859786
         799    0.859739
         800     0.85967
         801     0.85958
         802    0.859471
         803    0.859342
         804    0.859193
         805    0.859025
         806    0.858838
         807    0.858632
         808    0.858408
         809    0.858167
         810     0.85791
         811    0.857635
         812    0.857344
         813    0.857037
         814    0.856714
         815    0.856376
         816    0.856024
         817    0.855658
         818    0.855279
         819    0.854888
         820    0.854483
         821    0.854067
         822     0.85364
         823    0.853202
         824    0.852752
         825     0.85229
         826    0.851818
         827    0.851336
         828    0.850844
         829    0.850344
         830    0.849834
         831    0.849315
         832    0.848785
         833    0.848247
         834      0.8477
         835    0.847145
         836     0.84658
         837    0.846006
         838    0.845423
         839     0.84483
         840    0.844228
         841    0.843616
         842    0.842994
         843    0.842363
         844    0.841722
         845    0.841071
         846     0.84041
         847    0.839737
         848    0.839054
         849    0.838361
         850    0.837656
         851     0.83694
         852    0.836213
         853    0.835474
         854    0.834723
         855    0.833959
         856    0.833183
         857    0.832394
         858    0.831592
         859    0.830777
         860    0.829949
         861    0.829108
         862    0.828253
         863    0.827385
         864    0.826504
         865    0.825609
         866      0.8247
         867    0.823777
         868     0.82284
         869    0.821891
         870    0.820928
         871    0.819953
         872    0.818963
         873    0.817961
         874    0.816947
         875     0.81592
         876    0.814881
         877    0.813828
         878    0.812764
         879    0.811687
         880    0.810598
         881    0.809498
         882    0.808386
         883    0.807264
         884    0.806132
         885    0.804992
         886    0.803842
         887    0.802683
         888    0.801517
         889    0.800343
         890    0.799163
         891    0.797976
         892    0.796783
         893    0.795583
         894    0.794377
         895    0.793166
         896     0.79195
         897    0.790732
         898    0.789511
         899    0.788286
         900    0.787059
         901    0.785831
         902    0.784603
         903    0.783373
         904    0.782145
         905    0.780918
         906    0.779693
         907     0.77847
         908     0.77725
         909    0.776033
         910    0.774819
         911    0.773609
         912    0.772405
         913    0.771206
         914    0.770014
         915    0.768828
         916    0.767648
         917    0.766476
         918    0.765311
         919    0.764154
         920    0.763005
         921    0.761865
         922    0.760734
         923    0.759612
         924    0.758499
         925    0.757395
         926    0.756301
         927    0.755217
         928    0.754144
         929    0.753081
         930    0.752029
         931     0.75099
         932    0.749961
         933    0.748944
         934    0.747938
         935    0.746943
         936    0.745958
         937    0.744984
         938    0.744021
         939    0.743068
         940    0.742125
         941    0.741194
         942    0.740273
         943    0.739364
         944    0.738466
         945    0.737579
         946    0.736704
         947    0.735841
         948    0.734989
         949    0.734149
         950    0.733322
         951    0.732507
         952    0.731704
         953    0.730914
         954    0.730138
         955    0.729375
         956    0.728626
         957     0.72789
         958    0.727169
         959    0.726463
         960    0.725772
         961    0.725095
         962    0.724433
         963    0.723787
         964    0.723156
         965     0.72254
         966    0.721941
         967    0.721359
         968    0.720794
         969    0.720244
         970    0.719711
         971    0.719194
         972    0.718693
         973    0.718207
         974    0.717737
         975    0.717282
         976    0.716843
         977    0.716418
         978    0.716009
         979    0.715614
         980    0.715233
         981    0.714866
         982    0.714513
         983    0.714173
         984    0.713847
         985    0.713532
         986    0.713228
         987    0.712936
         988    0.712656
         989    0.712385
         990    0.712124
         991     0.71187
         992    0.711624
         993    0.711385
         994    0.711153
         995    0.710927
         996    0.710706
         997    0.710491
         998    0.710282
         999    0.710077
        1000    0.709876
        1001    0.709679
        1002    0.709486
        1003    0.709297
        1004    0.709113
        1005    0.708933
        1006    0.708756
        1007    0.708584
        1008    0.708416
        1009    0.708253
        1010    0.708095
        1011    0.707942
        1012    0.707795
        1013    0.707655
        1014    0.707523
        1015    0.707398
        1016    0.707284
        1017    0.707179
        1018    0.707085
        1019    0.707004
        1020    0.706936
        1021    0.706883
        1022    0.706846
        1023    0.706827
        1024    0.706825
        1025    0.706843
        1026    0.706882
        1027    0.706942
        1028    0.707024
        1029    0.707129
        1030    0.707259
        1031    0.707414
        1032    0.707596
        1033    0.707805
        1034    0.708043
        1035    0.708309
        1036    0.708605
        1037    0.708932
        1038     0.70929
        1039    0.709679
        1040      0.7101
        1041    0.710553
        1042    0.711037
        1043    0.711553
        1044      0.7121
        1045    0.712679
        1046    0.713288
        1047    0.713927
        1048    0.714596
        1049    0.715293
        1050    0.716018
        1051    0.716771
        1052    0.717549
        1053    0.718352
        1054    0.719179
        1055    0.720029
        1056      0.7209
        1057    0.721792
        1058    0.722704
        1059    0.723635
        1060    0.724581
        1061    0.725543
        1062    0.726519
        1063    0.727507
        1064    0.728506
        1065    0.729516
        1066    0.730533
        1067    0.731558
        1068    0.732587
        1069    0.733621
        1070    0.734657
        1071    0.735694
        1072    0.736732
        1073    0.737768
        1074    0.738803
        1075    0.739833
        1076    0.740858
        1077    0.741876
        1078    0.742887
        1079    0.743889
        1080    0.744883
        1081    0.745865
        1082    0.746836
        1083    0.747794
        1084    0.748738
        1085    0.749668
        1086    0.750584
        1087    0.751484
        1088    0.752369
        1089    0.753238
        1090    0.754089
        1091    0.754924
        1092    0.755742
        1093    0.756543
        1094    0.757329
        1095    0.758097
        1096    0.758849
        1097    0.759585
        1098    0.760305
        1099     0.76101
        1100    0.761698
        1101    0.762371
        1102    0.763029
        1103    0.763674
        1104    0.764305
        1105    0.764925
        1106    0.765534
        1107    0.766134
        1108    0.766727
        1109    0.767312
        1110    0.767892
        1111    0.768469
        1112    0.769042
        1113    0.769615
        1114    0.770186
        1115     0.77076
        1116    0.771336
        1117    0.771918
        1118    0.772506
        1119    0.773104
        1120    0.773712
        1121    0.774332
        1122    0.774967
        1123    0.775619
        1124    0.776289
        1125    0.776979
        1126     0.77769
        1127    0.778425
        1128    0.779184
        1129    0.779971
        1130    0.780785
        1131     0.78163
        1132    0.782505
        1133    0.783413
        1134    0.784353
        1135    0.785329
        1136    0.786341
        1137    0.787389
        1138    0.788475
        1139    0.789598
        1140    0.790759
        1141    0.791958
        1142    0.793195
        1143    0.794468
        1144    0.795778
        1145    0.797123
        1146    0.798503
        1147    0.799917
        1148    0.801364
        1149    0.802841
        1150    0.804348
        1151    0.805882
        1152    0.807442
        1153    0.809027
        1154    0.810633
        1155     0.81226
        1156    0.813905
        1157    0.815565
        1158    0.817236
        1159    0.818916
        1160    0.820602
        1161     0.82229
        1162    0.823977
        1163    0.825661
        1164    0.827337
        1165    0.829003
        1166    0.830656
        1167    0.832294
        1168    0.833912
        1169    0.835508
        1170    0.837078
        1171    0.838618
        1172    0.840127
        1173    0.841601
        1174    0.843037
        1175    0.844433
        1176    0.845785
        1177    0.847092
        1178     0.84835
        1179    0.849559
        1180    0.850716
        1181    0.851818
        1182    0.852862
        1183    0.853848
        1184    0.854774
        1185    0.855638
        1186    0.856439
        1187    0.857175
        1188    0.857845
        1189    0.858449
        1190    0.858986
        1191    0.859456
        1192    0.859857
        1193     0.86019
        1194    0.860454
        1195    0.860651
        1196     0.86078
        1197    0.860841
        1198    0.860832
        1199    0.860756
        1200    0.860614
        1201    0.860406
        1202    0.860132
        1203    0.859796
        1204    0.859397
        1205    0.858938
        1206    0.858419
        1207    0.857843
        1208    0.857211
        1209    0.856523
        1210    0.855782
        1211    0.854991
        1212    0.854149
        1213     0.85326
        1214    0.852326
        1215    0.851348
        1216    0.850329
        1217    0.849273
        1218     0.84818
        1219    0.847052
        1220    0.845892
        1221    0.844701
        1222    0.843482
        1223    0.842237
        1224    0.840968
        1225    0.839676
        1226    0.838365
        1227    0.837035
        1228    0.835689
        1229     0.83433
        1230    0.832958
        1231    0.831577
        1232    0.830187
        1233    0.828791
        1234    0.827391
        1235     0.82599
        1236    0.824588
        1237    0.823188
        1238     0.82179
        1239    0.820398
        1240    0.819012
        1241    0.817633
        1242    0.816265
        1243    0.814907
        1244     0.81356
        1245    0.812226
        1246    0.810907
        1247    0.809603
        1248    0.808318
        1249    0.807052
        1250    0.805807
        1251    0.804584
        1252    0.803386
        1253    0.802213
        1254    0.801068
        1255    0.799952
        1256    0.798866
        1257    0.797814
        1258    0.796795
        1259    0.795812
        1260    0.794866
        1261     0.79396
        1262    0.793095
        1263    0.792272
        1264    0.791494
        1265    0.790762
        1266    0.790078
        1267    0.789443
        1268    0.788861
        1269    0.788332
        1270    0.787859
        1271    0.787445
        1272    0.787091
        1273    0.786798
        1274    0.786568
        1275    0.786401
        1276    0.786299
        1277    0.786265
        1278    0.786298
        1279    0.786401
        1280    0.786574
        1281    0.786818
        1282    0.787134
        1283    0.787524
        1284    0.787985
        1285     0.78852
        1286    0.789128
        1287    0.789809
        1288    0.790564
        1289    0.791391
        1290     0.79229
        1291    0.793261
        1292    0.794303
        1293    0.795415
        1294    0.796597
        1295    0.797848
        1296    0.799165
        1297    0.800548
        1298    0.801993
        1299    0.803501
        1300    0.805068
        1301    0.806693
        1302    0.808373
        1303    0.810106
        1304     0.81189
        1305     0.81372
        1306    0.815596
        1307    0.817514
        1308    0.819471
        1309    0.821465
        1310    0.823493
        1311    0.825552
        1312    0.827638
        1313    0.829748
        1314    0.831877
        1315    0.834023
        1316    0.836182
        1317     0.83835
        1318    0.840524
        1319    0.842699
        1320    0.844873
        1321    0.847041
        1322    0.849201
        1323    0.851347
        1324    0.853478
        1325    0.855588
        1326    0.857674
        1327    0.859734
        1328    0.861764
        1329    0.863759
        1330    0.865716
        1331    0.867633
        1332    0.869507
        1333    0.871334
        1334     0.87311
        1335    0.874833
        1336      0.8765
        1337    0.878109
        1338    0.879655
        1339    0.881139
        1340    0.882557
        1341    0.883908
        1342    0.885188
        1343    0.886396
        1344    0.887528
        1345    0.888584
        1346    0.889562
        1347    0.890461
        1348    0.891279
        1349    0.892014
        1350    0.892665
        1351    0.893233
        1352    0.893715
        1353     0.89411
        1354     0.89442
        1355    0.894643
        1356     0.89478
        1357    0.894831
        1358    0.894796
        1359    0.894675
        1360    0.894469
        1361    0.894178
        1362    0.893804
        1363    0.893348
        1364    0.892811
        1365    0.892196
        1366    0.891504
        1367    0.890736
        1368    0.889896
        1369    0.888984
        1370    0.888004
        1371    0.886957
        1372    0.885845
        1373    0.884672
        1374    0.883441
        1375    0.882155
        1376    0.880816
        1377    0.879427
        1378    0.877993
        1379    0.876516
        1380       0.875
        1381    0.873447
        1382    0.871862
        1383    0.870247
        1384    0.868607
        1385    0.866944
        1386    0.865261
        1387    0.863562
        1388    0.861851
        1389    0.860131
        1390    0.858405
        1391    0.856676
        1392    0.854947
        1393    0.853221
        1394      0.8515
        1395    0.849787
        1396    0.848086
        1397    0.846398
        1398    0.844726
        1399    0.843072
        1400    0.841438
        1401    0.839826
        1402    0.838238
        1403    0.836676
        1404    0.835141
        1405    0.833635
        1406    0.832158
        1407    0.830711
        1408    0.829295
        1409     0.82791
        1410    0.826556
        1411    0.825235
        1412    0.823946
        1413    0.822691
        1414    0.821469
        1415    0.820279
        1416    0.819121
        1417    0.817996
        1418    0.816903
        1419     0.81584
        1420    0.814809
        1421    0.813808
        1422    0.812837
        1423    0.811897
        1424    0.810986
        1425    0.810104
        1426    0.809251
        1427    0.808426
        1428     0.80763
        1429    0.806861
        1430    0.806118
        1431    0.805402
        1432    0.804711
        1433    0.804045
        1434    0.803404
        1435    0.802787
        1436    0.802194
        1437    0.801625
        1438    0.801078
        1439    0.800553
        1440    0.800051
        1441    0.799571
        1442    0.799111
        1443    0.798674
        1444    0.798257
        1445    0.797861
        1446    0.797487
        1447    0.797135
        1448    0.796804
        1449    0.796495
        1450    0.796206
        1451    0.795937
        1452    0.795686
        1453    0.795455
        1454    0.795243
        1455    0.795051
        1456    0.794878
        1457    0.794723
        1458    0.794587
        1459    0.794469
        1460    0.794369
        1461    0.794287
        1462    0.794222
        1463    0.794175
        1464    0.794145
        1465    0.794131
        1466    0.794132
        1467    0.794148
        1468    0.794179
        1469    0.794225
        1470    0.794284
        1471    0.794356
        1472    0.794439
        1473    0.794534
        1474     0.79464
        1475    0.794756
        1476    0.794881
        1477    0.795015
        1478    0.795155
        1479    0.795302
        1480    0.795455
        1481    0.795613
        1482    0.795775
        1483    0.795939
        1484    0.796106
        1485    0.796273
        1486     0.79644
        1487    0.796606
        1488     0.79677
        1489    0.796931
        1490    0.797088
        1491    0.797238
        1492    0.797381
        1493    0.797514
        1494    0.797637
        1495    0.797747
        1496    0.797846
        1497    0.797931
        1498       0.798
        1499    0.798054
        1500     0.79809
        1501    0.798106
        1502    0.798102
        1503    0.798076
        1504    0.798027
        1505    0.797955
        1506    0.797858
        1507    0.797735
        1508    0.797586
        1509    0.797408
        1510    0.797202
        1511    0.796967
        1512    0.796701
        1513    0.796404
        1514    0.796076
        1515    0.795714
        1516     0.79532
        1517    0.794894
        1518    0.794436
        1519    0.793945
        1520     0.79342
        1521     0.79286
        1522    0.792267
        1523     0.79164
        1524     0.79098
        1525    0.790287
        1526    0.789562
        1527    0.788805
        1528    0.788016
        1529    0.787196
        1530    0.786347
        1531    0.785469
        1532    0.784564
        1533    0.783633
        1534    0.782676
        1535    0.781694
        1536    0.780689
        1537    0.779663
        1538    0.778616
        1539    0.777549
        1540    0.776465
        1541    0.775363
        1542    0.774246
        1543    0.773114
        1544     0.77197
        1545    0.770815
        1546    0.769651
        1547    0.768478
        1548    0.767299
        1549    0.766115
        1550    0.764927
        1551    0.763737
        1552    0.762544
        1553    0.761352
        1554    0.760161
        1555    0.758973
        1556    0.757788
        1557    0.756609
        1558    0.755436
        1559    0.754271
        1560    0.753113
        1561    0.751963
        1562    0.750824
        1563    0.749695
        1564    0.748577
        1565    0.747473
        1566    0.746382
        1567    0.745306
        1568    0.744243
        1569    0.743195
        1570     0.74216
        1571    0.741141
        1572    0.740138
        1573    0.739151
        1574     0.73818
        1575    0.737228
        1576    0.736294
        1577    0.735378
        1578     0.73448
        1579    0.733601
        1580    0.732742
        1581    0.731902
        1582    0.731082
        1583    0.730282
        1584    0.729503
        1585    0.728744
        1586    0.728006
        1587    0.727289
        1588    0.726593
        1589    0.725919
        1590    0.725268
        1591     0.72464
        1592    0.724036
        1593    0.723455
        1594    0.722899
        1595    0.722367
        1596    0.721862
        1597    0.721383
        1598    0.720931
        1599    0.720506
        1600    0.720109
        1601     0.71974
        1602    0.719402
        1603    0.719095
        1604    0.718819
        1605    0.718575
        1606    0.718363
        1607    0.718184
        1608    0.718038
        1609    0.717926
        1610    0.717849
        1611    0.717807
        1612      0.7178
        1613    0.717828
        1614    0.717891
        1615    0.717991
        1616    0.718127
        1617    0.718301
        1618    0.718512
        1619    0.718763
        1620    0.719051
        1621    0.719378
        1622    0.719744
        1623    0.720148
        1624    0.720592
        1625    0.721075
        1626    0.721597
        1627    0.722159
        1628     0.72276
        1629    0.723401
        1630    0.724079
        1631    0.724796
        1632    0.725552
        1633    0.726345
        1634    0.727176
        1635    0.728044
        1636    0.728949
        1637     0.72989
        1638    0.730869
        1639    0.731885
        1640    0.732935
        1641     0.73402
        1642    0.735139
        1643    0.736292
        1644    0.737477
        1645    0.738695
        1646    0.739946
        1647    0.741226
        1648    0.742537
        1649    0.743877
        1650    0.745246
        1651    0.746642
        1652    0.748065
        1653    0.749514
        1654     0.75099
        1655    0.752491
        1656    0.754015
        1657    0.755564
        1658    0.757134
        1659    0.758726
        1660     0.76034
        1661    0.761974
        1662    0.763627
        1663    0.765298
        1664    0.766987
        1665    0.768692
        1666    0.770411
        1667    0.772145
        1668    0.773894
        1669    0.775655
        1670    0.777429
        1671    0.779214
        1672    0.781009
        1673    0.782814
        1674    0.784627
        1675    0.786447
        1676    0.788272
        1677    0.790103
        1678    0.791938
        1679    0.793778
        1680    0.795621
        1681    0.797465
        1682    0.799311
        1683    0.801157
        1684    0.803003
        1685    0.804847
        1686     0.80669
        1687     0.80853
        1688    0.810365
        1689    0.812196
        1690    0.814022
        1691    0.815841
        1692    0.817654
        1693     0.81946
        1694    0.821257
        1695    0.823045
        1696    0.824824
        1697    0.826594
        1698    0.828352
        1699    0.830099
        1700    0.831834
        1701    0.833556
        1702    0.835263
        1703    0.836956
        1704    0.838633
        1705    0.840293
        1706    0.841936
        1707     0.84356
        1708    0.845164
        1709    0.846749
        1710    0.848313
        1711    0.849853
        1712     0.85137
        1713    0.852861
        1714    0.854327
        1715    0.855764
        1716    0.857172
        1717    0.858549
        1718    0.859895
        1719    0.861208
        1720    0.862487
        1721    0.863729
        1722    0.864935
        1723    0.866102
        1724    0.867229
        1725    0.868315
        1726    0.869359
        1727    0.870359
        1728    0.871313
        1729     0.87222
        1730    0.873078
        1731    0.873887
        1732    0.874644
        1733    0.875351
        1734    0.876007
        1735    0.876609
        1736    0.877156
        1737    0.877649
        1738    0.878085
        1739    0.878464
        1740    0.878785
        1741    0.879047
        1742    0.879252
        1743    0.879398
        1744    0.879488
        1745     0.87952
        1746    0.879495
        1747    0.879412
        1748    0.879272
        1749    0.879077
        1750    0.878826
        1751     0.87852
        1752    0.878161
        1753    0.877749
        1754    0.877287
        1755    0.876776
        1756    0.876217
        1757    0.875612
        1758    0.874963
        1759    0.874272
        1760    0.873541
        1761    0.872771
        1762    0.871966
        1763    0.871126
        1764    0.870254
        1765    0.869352
        1766    0.868423
        1767    0.867468
        1768     0.86649
        1769    0.865491
        1770    0.864474
        1771     0.86344
        1772    0.862391
        1773    0.861331
        1774    0.860259
        1775    0.859179
        1776    0.858092
        1777       0.857
        1778    0.855904
        1779    0.854807
        1780     0.85371
        1781    0.852616
        1782    0.851525
        1783    0.850438
        1784    0.849356
        1785     0.84828
        1786    0.847214
        1787    0.846156
        1788    0.845109
        1789    0.844074
        1790    0.843052
        1791    0.842043
        1792    0.841047
        1793    0.840067
        1794    0.839101
        1795    0.838151
        1796    0.837218
        1797    0.836302
        1798    0.835403
        1799    0.834522
        1800    0.833659
        1801    0.832814
        1802     0.83199
        1803    0.831184
        1804    0.830399
        1805    0.829633
        1806    0.828889
        1807    0.828165
        1808    0.827461
        1809    0.826779
        1810    0.826118
        1811    0.825479
        1812    0.824862
        1813    0.824267
        1814    0.823696
        1815    0.823148
        1816    0.822624
        1817    0.822124
        1818    0.821648
        1819    0.821195
        1820    0.820768
        1821    0.820368
        1822    0.819993
        1823    0.819643
        1824    0.819318
        1825    0.819017
        1826    0.818741
        1827     0.81849
        1828    0.818265
        1829    0.818064
        1830    0.817888
        1831    0.817738
        1832    0.817614
        1833    0.817515
        1834    0.817441
        1835     0.81739
        1836    0.817363
        1837    0.817358
        1838    0.817376
        1839    0.817417
        1840    0.817479
        1841    0.817563
        1842    0.817669
        1843    0.817796
        1844    0.817944
        1845    0.818112
        1846    0.818298
        1847    0.818501
        1848    0.818722
        1849    0.818958
        1850    0.819208
        1851    0.819473
        1852    0.819751
        1853    0.820041
        1854    0.820342
        1855    0.820652
        1856    0.820971
        1857    0.821296
        1858    0.821629
        1859    0.821967
        1860    0.822307
        1861    0.822648
        1862    0.822988
        1863    0.823328
        1864    0.823664
        1865    0.823994
        1866    0.824315
        1867    0.824625
        1868    0.824923
        1869    0.825206
        1870    0.825471
        1871    0.825717
        1872    0.825939
        1873    0.826137
        1874    0.826308
        1875    0.826449
        1876    0.826558
        1877    0.826632
        1878    0.826667
        1879    0.826661
        1880    0.826612
        1881    0.826517
        1882    0.826373
        1883    0.826177
        1884    0.825927
        1885     0.82562
        1886    0.825254
        1887    0.824828
        1888     0.82434
        1889    0.823786
        1890    0.823165
        1891    0.822475
        1892    0.821715
        1893    0.820882
        1894    0.819976
        1895    0.818995
        1896    0.817939
        1897    0.816807
        1898    0.815599
        1899    0.814316
        1900    0.812956
        1901     0.81152
        1902    0.810008
        1903    0.808421
        1904    0.806761
        1905    0.805029
        1906    0.803226
        1907    0.801353
        1908    0.799414
        1909     0.79741
        1910    0.795344
        1911    0.793218
        1912    0.791035
        1913    0.788801
        1914    0.786517
        1915    0.784187
        1916    0.781815
        1917    0.779406
        1918    0.776964
        1919    0.774494
        1920    0.772003
        1921    0.769493
        1922    0.766972
        1923    0.764443
        1924    0.761914
        1925     0.75939
        1926    0.756878
        1927    0.754383
        1928    0.751912
        1929     0.74947
        1930    0.747065
        1931    0.744703
        1932     0.74239
        1933    0.740133
        1934    0.737938
        1935    0.735812
        1936     0.73376
        1937    0.731789
        1938    0.729906
        1939    0.728116
        1940    0.726424
        1941    0.724834
        1942    0.723353
        1943    0.721985
        1944    0.720733
        1945    0.719602
        1946    0.718594
        1947    0.717715
        1948    0.716965
        1949    0.716348
        1950    0.715863
        1951    0.715513
        1952    0.715297
        1953    0.715217
        1954    0.715272
        1955     0.71546
        1956     0.71578
        1957    0.716229
        1958    0.716806
        1959    0.717509
        1960    0.718333
        1961    0.719277
        1962    0.720335
        1963    0.721504
        1964    0.722779
        1965    0.724155
        1966    0.725628
        1967    0.727194
        1968    0.728847
        1969    0.730582
        1970    0.732394
        1971    0.734281
        1972    0.736235
        1973    0.738252
        1974    0.740328
        1975    0.742458
        1976    0.744636
        1977    0.746859
        1978    0.749121
        1979    0.751418
        1980    0.753747
        1981    0.756102
        1982    0.758482
        1983    0.760882
        1984    0.763301
        1985    0.765733
        1986    0.768176
        1987    0.770628
        1988    0.773085
        1989    0.775545
        1990    0.778007
        1991    0.780468
        1992    0.782926
        1993    0.785378
        1994    0.787822
        1995    0.790257
        1996    0.792682
        1997    0.795095
        1998    0.797496
        1999    0.799882
        2000    0.802252
