           1    -5.46426    -5.46426           0
           2    -5.46436    -5.46431 3.62188e-05
           3    -5.46494    -5.46452 0.000171498
           4    -5.46513    -5.46467 0.000184393
           5    -5.46491    -5.46472 0.000153487
           6    -5.46402     -5.4646 0.000166468
           7    -5.46595     -5.4648  0.00022841
           8    -5.46616    -5.46497 0.000255353
           9    -5.46553    -5.46503 0.000234486
          10    -5.46445    -5.46497 0.000218053
          11    -5.46449    -5.46493 0.000202554
          12    -5.46463     -5.4649 0.000187214
          13    -5.46461    -5.46488 0.000174113
          14    -5.46523     -5.4649 0.000163493
          15    -5.46602    -5.46498 0.000168679
          16    -5.46569    -5.46502 0.000163938
          17    -5.46458      -5.465 0.000156371
          18    -5.46369    -5.46492 0.000163759
          19    -5.46506    -5.46493 0.000155303
          20    -5.46587    -5.46498 0.000154445
          21    -5.46362    -5.46491 0.000160115
          22    -5.46528    -5.46493 0.000153691
          23    -5.46449    -5.46491 0.000148194
          24    -5.46485    -5.46491 0.000142039
          25    -5.46643    -5.46497 0.000148784
          26    -5.46475    -5.46496 0.000143308
          27    -5.46454    -5.46495 0.000138845
          28    -5.46354     -5.4649 0.000142699
          29    -5.46425    -5.46487 0.000139494
          30    -5.46487    -5.46487 0.000134844
          31    -5.46414    -5.46485 0.000132541
          32    -5.46454    -5.46484 0.000128751
          33    -5.46373    -5.46481 0.000129201
          34    -5.46395    -5.46478  0.00012784
          35    -5.46356    -5.46475 0.000128832
          36    -5.46505    -5.46475 0.000125535
          37    -5.46398    -5.46473 0.000123856
          38    -5.46356     -5.4647 0.000124376
          39    -5.46417    -5.46469 0.000121928
          40    -5.46539    -5.46471 0.000120141
          41    -5.46462     -5.4647 0.000117231
          42    -5.46551    -5.46472 0.000115984
          43    -5.46467    -5.46472 0.000113294
          44    -5.46472    -5.46472 0.000110719
          45    -5.46461    -5.46472 0.000108288
          46    -5.46596    -5.46475 0.000109234
          47    -5.46403    -5.46473 0.000107969
          48    -5.46506    -5.46474 0.000105934
          49    -5.46429    -5.46473 0.000104166
          50    -5.46499    -5.46473  0.00010221
          51    -5.46485    -5.46474 0.000100231
          52    -5.46402    -5.46472 9.92483e-05
          53    -5.46496    -5.46473 9.74725e-05
          54    -5.46421    -5.46472 9.61438e-05
          55    -5.46396     -5.4647 9.53863e-05
          56    -5.46315    -5.46468 9.76165e-05
          57    -5.46493    -5.46468 9.60057e-05
          58    -5.46534    -5.46469 9.50226e-05
          59    -5.46587    -5.46471 9.54739e-05
          60    -5.46451    -5.46471 9.39434e-05
          61    -5.46468    -5.46471 9.24046e-05
          62    -5.46452    -5.46471 9.09662e-05
          63    -5.46451     -5.4647 8.95767e-05
          64    -5.46398    -5.46469 8.88895e-05
          65    -5.46405    -5.46468 8.80716e-05
          66    -5.46469    -5.46468 8.67373e-05
          67    -5.46519    -5.46469 8.57694e-05
          68    -5.46425    -5.46468 8.47449e-05
          69    -5.46399    -5.46467 8.41097e-05
          70    -5.46432    -5.46467 8.30593e-05
          71    -5.46584    -5.46468 8.35044e-05
          72    -5.46388    -5.46467 8.30815e-05
          73    -5.46509    -5.46468 8.21421e-05
          74    -5.46487    -5.46468 8.10736e-05
          75    -5.46517    -5.46469 8.02559e-05
          76    -5.46503    -5.46469 7.93231e-05
          77    -5.46491    -5.46469  7.8343e-05
          78    -5.46464    -5.46469 7.73413e-05
          79    -5.46578    -5.46471 7.75696e-05
          80    -5.46446     -5.4647  7.6662e-05
          81    -5.46412     -5.4647 7.60501e-05
          82    -5.46491     -5.4647 7.51649e-05
          83    -5.46483     -5.4647 7.42749e-05
          84    -5.46444     -5.4647  7.3456e-05
          85    -5.46466     -5.4647  7.2593e-05
          86    -5.46528     -5.4647 7.20586e-05
          87    -5.46472     -5.4647 7.12305e-05
          88    -5.46542    -5.46471 7.08826e-05
          89    -5.46434    -5.46471 7.02101e-05
          90    -5.46379     -5.4647 7.01715e-05
          91     -5.4634    -5.46468 7.08454e-05
          92    -5.46471    -5.46468  7.0076e-05
          93    -5.46338    -5.46467 7.07087e-05
          94    -5.46518    -5.46468  7.0163e-05
          95    -5.46563    -5.46469 7.01331e-05
          96    -5.46415    -5.46468 6.96274e-05
          97    -5.46507    -5.46468 6.90266e-05
          98    -5.46352    -5.46467 6.93437e-05
          99    -5.46557    -5.46468 6.92288e-05
         100    -5.46475    -5.46468 6.85398e-05
