           1    0.800302    0.800302           0
           2     0.79494    0.797621  0.00189576
           3    0.791187    0.795476  0.00215947
           4    0.798328    0.796189  0.00173329
           5    0.795364    0.796024  0.00139446
           6    0.793762    0.795647  0.00121196
           7    0.802857    0.796677  0.00141016
           8    0.801874    0.797327  0.00137538
           9    0.800441    0.797673  0.00126534
          10    0.805572    0.798462  0.00136325
          11    0.796502    0.798284  0.00125092
          12    0.805675      0.7989  0.00128941
          13    0.794735     0.79858  0.00122938
          14    0.802928     0.79889  0.00118014
          15    0.799575    0.798936  0.00110235
          16    0.802376    0.799151  0.00105421
          17    0.796014    0.798966  0.00100822
          18    0.799273    0.798983 0.000952353
          19     0.79435     0.79874 0.000932932
          20    0.800819    0.798844  0.00089206
          21    0.794847    0.798653 0.000869647
          22    0.802143    0.798812 0.000844457
          23     0.79645    0.798709 0.000813961
          24    0.802836    0.798881 0.000797998
          25    0.801563    0.798988 0.000773254
          26    0.799308    0.799001 0.000743611
          27    0.799311    0.799012 0.000716159
          28    0.795384    0.798883 0.000702208
          29    0.796956    0.798816 0.000681129
          30    0.803994    0.798989 0.000679943
          31    0.795788    0.798885 0.000665802
          32    0.799891    0.798917 0.000645737
          33     0.79529    0.798807 0.000635455
          34    0.795921    0.798722 0.000622408
          35     0.79803    0.798702 0.000604939
          36    0.798357    0.798693 0.000588212
          37    0.796103    0.798623 0.000576464
          38    0.800753    0.798679 0.000564012
          39    0.797625    0.798652 0.000550197
          40    0.800005    0.798686 0.000537482
          41    0.803703    0.798808 0.000538122
          42    0.794528    0.798706  0.00053487
          43    0.801099    0.798762 0.000525318
          44    0.790098    0.798565 0.000549042
          45    0.808794    0.798792 0.000581998
          46    0.797086    0.798755 0.000570526
          47    0.791056    0.798591 0.000581428
          48    0.812407    0.798879 0.000636585
          49    0.787413    0.798645 0.000665216
          50    0.811977    0.798912 0.000703325
          51     0.79903    0.798914 0.000689538
          52    0.797217    0.798881  0.00067705
          53    0.802024    0.798941 0.000666866
          54    0.799221    0.798946 0.000654537
          55    0.788139    0.798749 0.000671479
          56    0.796996    0.798718 0.000660218
          57    0.806641    0.798857 0.000663107
          58    0.793474    0.798764 0.000658138
          59     0.79883    0.798765 0.000646984
          60    0.799871    0.798784 0.000636463
          61    0.795984    0.798738 0.000627682
          62    0.797809    0.798723 0.000617737
          63     0.79568    0.798675 0.000609817
          64    0.803924    0.798757 0.000605779
          65    0.790905    0.798636 0.000608382
          66    0.792777    0.798547 0.000605607
          67    0.799676    0.798564 0.000596802
          68    0.800781    0.798597 0.000588916
          69    0.794574    0.798538 0.000583259
          70    0.800876    0.798572 0.000575882
          71    0.806995     0.79869 0.000579864
          72    0.792969    0.798611 0.000577229
          73    0.799088    0.798617 0.000569359
          74    0.784132    0.798422 0.000594364
          75    0.803162    0.798485  0.00058979
          76      0.8008    0.798515 0.000582816
          77    0.802167    0.798563 0.000577174
          78    0.795853    0.798528 0.000570818
          79    0.800938    0.798558 0.000564407
          80    0.797262    0.798542 0.000557585
          81     0.79501    0.798499 0.000552403
          82     0.79784    0.798491 0.000545725
          83    0.802536    0.798539 0.000541322
          84    0.804872    0.798615 0.000540101
          85    0.796994    0.798596 0.000534083
          86    0.803049    0.798647 0.000530378
          87    0.797642    0.798636 0.000524407
          88    0.795225    0.798597 0.000519879
          89    0.800323    0.798617 0.000514399
          90    0.790128    0.798522 0.000517258
          91    0.803557    0.798578 0.000514525
          92    0.791188    0.798497 0.000515164
          93    0.800618     0.79852 0.000510129
          94     0.80059    0.798542 0.000505177
          95    0.803053     0.79859 0.000502086
          96    0.791639    0.798517 0.000502048
          97    0.803371    0.798567  0.00049936
          98    0.789448    0.798474 0.000502859
          99    0.805611    0.798546  0.00050292
         100    0.800166    0.798562 0.000498151
