                 2               100           1.25416           1.33557         0.0114001
              1.99               100           1.27329           1.34825         0.0116017
              1.98               100           1.29398           1.36218         0.0119447
              1.97               100           1.27423            1.3778         0.0122445
              1.96               100           1.29461           1.39507         0.0123968
              1.95               100           1.32574           1.40899         0.0121955
              1.94               100           1.34953           1.42547         0.0125063
              1.93               100           1.35735           1.44153         0.0130716
              1.92               100           1.38971           1.45836          0.013349
              1.91               100           1.41768            1.4779         0.0133135
               1.9               100           1.42202           1.49172          0.013644
              1.89               100           1.42853           1.50775         0.0136645
              1.88               100           1.45034           1.52172         0.0135072
              1.87               100            1.4853           1.53824         0.0134969
              1.86               100           1.50482           1.55815         0.0139781
              1.85               100           1.54024           1.57437         0.0141187
              1.84               100           1.53404           1.59327         0.0141815
              1.83               100           1.56254           1.61199         0.0145405
              1.82               100           1.61921           1.62669          0.014437
              1.81               100           1.63602           1.64839         0.0148488
               1.8               100           1.65249           1.66938         0.0147269
              1.79               100           1.70726           1.69107         0.0148261
              1.78               100           1.75303           1.71155         0.0148761
              1.77               100           1.82789           1.73327         0.0154123
              1.76               100           1.85782           1.75247         0.0155938
              1.75               100           1.88014           1.77143         0.0161671
              1.74               100           1.91949           1.79878         0.0168142
              1.73               100           1.94053           1.81984         0.0170403
              1.72               100           2.02242           1.84806         0.0171614
              1.71               100           2.07668           1.86871         0.0178748
               1.7               100           2.08776           1.88822         0.0184683
              1.69               100           2.16639           1.91403         0.0186931
              1.68               100            2.1571           1.94968         0.0191583
              1.67               100           2.19837           1.97301         0.0198422
              1.66               100           2.17513           1.99202         0.0202734
              1.65               100           2.27859           2.01771         0.0205228
              1.64               100           2.29824           2.04967         0.0208727
              1.63               100           2.32491           2.07806         0.0210121
              1.62               100           2.34968           2.10214         0.0210681
              1.61               100           2.37585           2.13241         0.0221992
               1.6               100            2.4094           2.16727         0.0232577
              1.59               100           2.47618           2.19893         0.0231291
              1.58               100           2.55195           2.22785         0.0239117
              1.57               100           2.61651           2.26274         0.0242868
              1.56               100           2.65867            2.3014         0.0248266
              1.55               100           2.72299           2.34044         0.0245887
              1.54               100           2.71766           2.37612         0.0259723
              1.53               100           2.85814            2.4105         0.0274697
              1.52               100           2.81084           2.44605         0.0274895
              1.51               100           2.87401           2.48418          0.028057
               1.5               100           2.92341           2.51987         0.0282618
              1.49               100           2.93981           2.55778          0.028763
              1.48               100           3.03011           2.60415         0.0302713
              1.47               100           3.07113           2.64733         0.0297403
              1.46               100           2.96104           2.68625         0.0300916
              1.45               100           2.99492           2.73076         0.0310465
              1.44               100           3.04256           2.77557         0.0332499
              1.43               100           3.02831           2.82048           0.03321
              1.42               100           3.05544            2.8621         0.0338644
              1.41               100           3.07013           2.91432         0.0349628
               1.4               100           3.22291            2.9671         0.0365044
              1.39               100           3.28564            3.0276         0.0372752
              1.38               100           3.31913           3.08793         0.0380618
              1.37               100           3.49413           3.13535         0.0389439
              1.36               100           3.51318           3.18425         0.0405425
              1.35               100           3.63467           3.25847         0.0431313
              1.34               100           3.63707           3.32979         0.0450843
              1.33               100           3.66592           3.37981         0.0469625
              1.32               100           3.72976           3.45364         0.0491204
              1.31               100           3.65759           3.51951         0.0505273
               1.3               100           3.67988           3.58806         0.0510544
              1.29               100            3.7884           3.66976         0.0514786
              1.28               100           3.76125           3.73634         0.0526464
              1.27               100            3.8165           3.80371         0.0551182
              1.26               100           3.78127              3.87         0.0565933
              1.25               100           3.70323           3.94671         0.0586634
              1.24               100           3.70245           4.06531         0.0616517
              1.23               100           3.85314           4.15175          0.060615
              1.22               100           3.92879           4.24574         0.0625877
              1.21               100            4.0638           4.33409         0.0628697
               1.2               100            4.0138           4.40609         0.0592628
              1.19               100           4.26501           4.51186         0.0651192
              1.18               100           4.02963           4.60871         0.0698486
              1.17               100            4.2132           4.74072         0.0735927
              1.16               100           4.27972           4.85251         0.0740466
              1.15               100           4.56932           4.97418         0.0775588
              1.14               100           4.19712           5.11781         0.0803228
              1.13               100           4.34088            5.2555         0.0786122
              1.12               100           4.37386           5.40071         0.0840801
              1.11               100           4.52613           5.52762         0.0863491
               1.1               100           4.46429           5.70224         0.0977104
              1.09               100           4.53306           5.87184          0.103243
              1.08               100           4.48119           6.05086          0.106127
              1.07               100           4.57398           6.25709          0.112653
              1.06               100           4.57525           6.39513          0.113588
              1.05               100           4.43931           6.48032           0.11812
              1.04               100           4.46877           6.66531          0.123928
              1.03               100           4.58485           6.79654          0.129493
              1.02               100           4.64659           7.01723          0.135293
              1.01               100            4.6796           7.10834          0.142996
                 1               100            5.1148           7.30966          0.148845
              0.99               100           6.41107           7.42948          0.148173
              0.98               100           6.40465           7.70212          0.163689
              0.97               100           6.58977           7.90614          0.167887
              0.96               100           7.02075           8.25453          0.172622
              0.95               100           7.42442           8.39209          0.178142
              0.94               100            8.4177           8.61207          0.183897
              0.93               100           7.34047           8.90747          0.200944
              0.92               100            7.3647           9.31887          0.232553
              0.91               100           7.36088           9.49503          0.255677
               0.9               100           11.8246           9.95359          0.266153
              0.89               100           7.37834           10.4352          0.288098
              0.88               100           7.70727           10.9586          0.290831
              0.87               100           7.90115            11.477           0.30635
              0.86               100           10.6174           11.7865          0.299655
              0.85               100           13.5729           12.2988          0.336649
              0.84               100           14.1386           12.7941          0.334183
              0.83               100           13.4595           13.3441            0.3436
              0.82               100           13.6044           14.0422          0.381202
              0.81               100            13.914           14.7118          0.408724
               0.8               100           14.0323           15.1408          0.471269
              0.79               100           16.7507            15.921          0.540423
              0.78               100           16.1996           17.0041          0.605488
              0.77               100           16.4734           17.8957          0.625966
              0.76               100           16.5997           18.3798          0.632107
              0.75               100           20.6421           19.0619          0.647817
              0.74               100           21.5002           20.0539          0.690841
              0.73               100           20.2987           21.8123          0.665061
              0.72               100           22.1972           22.6029           0.71649
              0.71               100           34.7564           23.5374          0.821332
               0.7               100           39.6144           25.2204          0.856893
              0.69               100           40.6176           26.4251          0.910918
              0.68               100           41.5187           27.6372           0.97676
              0.67               100           42.5263           29.3197           1.04353
              0.66               100           42.8554           31.3085           1.10035
              0.65               100           40.0924           32.7949            1.2141
              0.64               100           40.0554           35.4245           1.23812
              0.63               100           40.8301           37.8832           1.27124
              0.62               100           41.5013           39.6503           1.35009
              0.61               100           43.3961           42.5905           1.49232
               0.6               100           26.6797            45.571           1.52258
              0.59               100           27.1976           48.9574           1.58739
              0.58               100           27.6185            52.013            1.5209
              0.57               100           28.1023           55.3972           1.49365
              0.56               100           57.3414           58.8423           1.58627
              0.55               100           58.2202           61.8269            1.6224
              0.54               100           82.3209           64.7453           1.65491
              0.53               100           60.6891           67.0389           1.70645
              0.52               100           61.8637           71.7909           1.70173
              0.51               100           63.1031           75.4387           1.73735
