                 2               100          -0.45672         -0.461219       0.000573483
              1.99               100          -0.45944         -0.463161       0.000572557
              1.98               100           -0.4608         -0.465215       0.000572591
              1.97               100          -0.46344         -0.467426        0.00055517
              1.96               100          -0.46584         -0.469481       0.000572792
              1.95               100          -0.46936         -0.471498       0.000567461
              1.94               100          -0.47168         -0.473442       0.000556098
              1.93               100          -0.47256         -0.475585       0.000555753
              1.92               100          -0.47576          -0.47757       0.000565487
              1.91               100          -0.47832         -0.479672       0.000557445
               1.9               100          -0.48016         -0.481782       0.000563742
              1.89               100          -0.48256         -0.483939       0.000563112
              1.88               100           -0.4844           -0.4861       0.000569693
              1.87               100          -0.48624          -0.48828        0.00057467
              1.86               100          -0.48936         -0.490471       0.000572492
              1.85               100          -0.49168         -0.492512       0.000568315
              1.84               100          -0.49296         -0.494927       0.000566125
              1.83               100          -0.49448          -0.49707       0.000566223
              1.82               100          -0.49608         -0.499291       0.000567762
              1.81               100          -0.49664         -0.501599       0.000562576
               1.8               100          -0.49816         -0.503922       0.000572228
              1.79               100          -0.50064         -0.506299       0.000583199
              1.78               100          -0.50368         -0.508757       0.000591323
              1.77               100          -0.50456         -0.511194       0.000568266
              1.76               100          -0.50664         -0.513319       0.000573676
              1.75               100          -0.50864         -0.515836       0.000572765
              1.74               100          -0.51032         -0.518333       0.000583406
              1.73               100          -0.51184          -0.52068       0.000570948
              1.72               100          -0.51488         -0.523053        0.00056463
              1.71               100          -0.51768         -0.525624       0.000555413
               1.7               100          -0.51928          -0.52819       0.000569195
              1.69               100          -0.52424         -0.530855       0.000556107
              1.68               100          -0.52816         -0.533485       0.000559003
              1.67               100          -0.53136         -0.536011       0.000570684
              1.66               100          -0.53456         -0.538595       0.000573541
              1.65               100          -0.53808         -0.541008       0.000567134
              1.64               100          -0.54016         -0.543823       0.000567092
              1.63               100          -0.54288          -0.54651       0.000563881
              1.62               100          -0.54608         -0.549065       0.000559114
              1.61               100          -0.54784          -0.55182        0.00056979
               1.6               100          -0.54992          -0.55463       0.000575842
              1.59               100          -0.55296         -0.557385         0.0005628
              1.58               100          -0.55784         -0.559976       0.000575244
              1.57               100          -0.56072         -0.562669       0.000564572
              1.56               100           -0.5632           -0.5655       0.000572413
              1.55               100          -0.56664         -0.568281       0.000581006
              1.54               100           -0.5692         -0.571004       0.000573025
              1.53               100          -0.57352         -0.573979       0.000593305
              1.52               100            -0.578         -0.576751         0.0006009
              1.51               100          -0.58136          -0.57959       0.000630335
               1.5               100          -0.58208         -0.582476       0.000621483
              1.49               100          -0.58424          -0.58525       0.000627085
              1.48               100          -0.58696         -0.588222       0.000642724
              1.47               100             -0.59         -0.591135        0.00064507
              1.46               100          -0.59136            -0.594       0.000650132
              1.45               100          -0.59512          -0.59711        0.00063196
              1.44               100          -0.59808         -0.600122       0.000650265
              1.43               100           -0.5996         -0.603179       0.000640465
              1.42               100          -0.60024          -0.60633       0.000645131
              1.41               100          -0.60192         -0.609479       0.000651724
               1.4               100           -0.6036         -0.612557       0.000652221
              1.39               100          -0.60856         -0.616012       0.000648275
              1.38               100          -0.61168         -0.619444       0.000662716
              1.37               100           -0.6156          -0.62263       0.000684636
              1.36               100          -0.61856         -0.625926       0.000685216
              1.35               100          -0.62264         -0.629243       0.000687129
              1.34               100           -0.6252         -0.632782       0.000675994
              1.33               100          -0.62736         -0.636299       0.000699197
              1.32               100          -0.63048         -0.639643       0.000722697
              1.31               100          -0.63376         -0.642938       0.000710625
               1.3               100          -0.63416         -0.646384       0.000713146
              1.29               100            -0.638         -0.649675       0.000749161
              1.28               100           -0.6416         -0.653188        0.00073646
              1.27               100          -0.64368         -0.656682       0.000724846
              1.26               100          -0.64736         -0.660097       0.000711394
              1.25               100          -0.65112         -0.663778       0.000723241
              1.24               100           -0.6536         -0.667567        0.00072643
              1.23               100          -0.65696         -0.671077       0.000731673
              1.22               100          -0.66128         -0.674939        0.00073763
              1.21               100          -0.66544         -0.678438        0.00072534
               1.2               100           -0.6716         -0.682021       0.000716673
              1.19               100          -0.67736          -0.68599       0.000726817
              1.18               100           -0.6804         -0.689698       0.000769025
              1.17               100          -0.68392         -0.693634       0.000776702
              1.16               100          -0.68824         -0.697349         0.0007653
              1.15               100          -0.69064         -0.701436       0.000772279
              1.14               100           -0.6912         -0.705551       0.000779042
              1.13               100          -0.69456         -0.709621       0.000775408
              1.12               100          -0.70072         -0.713321       0.000796383
              1.11               100          -0.70528         -0.717552       0.000809218
               1.1               100          -0.71056         -0.721939       0.000818204
              1.09               100          -0.71472          -0.72615       0.000793025
              1.08               100           -0.7184         -0.729953       0.000791699
              1.07               100          -0.72224         -0.734027       0.000781918
              1.06               100          -0.72656         -0.737863       0.000781555
              1.05               100          -0.72688         -0.741439       0.000792856
              1.04               100          -0.72896         -0.745489       0.000815634
              1.03               100          -0.73416         -0.749396       0.000772136
              1.02               100          -0.73712         -0.753399       0.000749222
              1.01               100          -0.74144         -0.757014       0.000790302
                 1               100          -0.74216         -0.761003       0.000844299
              0.99               100          -0.74568         -0.764812         0.0008776
              0.98               100          -0.74888         -0.768984       0.000891502
              0.97               100           -0.7536          -0.77341       0.000880622
              0.96               100          -0.76024         -0.777823       0.000866866
              0.95               100          -0.76728         -0.781716       0.000841454
              0.94               100           -0.7748         -0.785902       0.000859392
              0.93               100           -0.7796         -0.790212       0.000833689
              0.92               100          -0.78728         -0.794526        0.00090125
              0.91               100          -0.79048         -0.798436       0.000943339
               0.9               100          -0.80376         -0.802656         0.0010023
              0.89               100          -0.80576         -0.807295        0.00100968
              0.88               100          -0.80768         -0.811703        0.00102316
              0.87               100          -0.81184         -0.816806       0.000987848
              0.86               100          -0.82616         -0.821039       0.000960463
              0.85               100          -0.83312         -0.825794        0.00102991
              0.84               100          -0.83784         -0.829842        0.00100842
              0.83               100          -0.84072         -0.834628       0.000988521
              0.82               100          -0.84216          -0.83913        0.00103358
              0.81               100          -0.84528         -0.843821        0.00107471
               0.8               100          -0.84968         -0.848516        0.00120868
              0.79               100          -0.85536            -0.853        0.00124605
              0.78               100          -0.85776          -0.85781        0.00131053
              0.77               100          -0.86144          -0.86281        0.00128895
              0.76               100          -0.86376         -0.867242         0.0013121
              0.75               100          -0.87128         -0.870601        0.00132212
              0.74               100          -0.87592         -0.874614        0.00129116
              0.73               100           -0.8776         -0.879393        0.00124971
              0.72               100          -0.88096         -0.883902        0.00132491
              0.71               100          -0.90712         -0.887629        0.00146736
               0.7               100          -0.91808         -0.892504        0.00151078
              0.69               100           -0.9212         -0.896563        0.00154135
              0.68               100          -0.92448         -0.900271        0.00163858
              0.67               100          -0.92736         -0.904558        0.00171532
              0.66               100          -0.92784         -0.909482        0.00175106
              0.65               100          -0.93336         -0.913751        0.00177555
              0.64               100          -0.93456         -0.918533         0.0017973
              0.63               100          -0.93592         -0.923564        0.00182071
              0.62               100          -0.93608         -0.926738        0.00191297
              0.61               100          -0.93976         -0.931603        0.00205949
               0.6               100           -0.9252         -0.935878        0.00206263
              0.59               100          -0.92576         -0.940917        0.00206178
              0.58               100          -0.92672         -0.945067        0.00194956
              0.57               100          -0.92696         -0.949386         0.0018778
              0.56               100          -0.95912         -0.953956        0.00191174
              0.55               100          -0.95928         -0.957205        0.00189176
              0.54               100           -0.9816          -0.96002        0.00191554
              0.53               100          -0.96128         -0.962621        0.00186119
              0.52               100          -0.96136         -0.966806        0.00183959
              0.51               100           -0.9616         -0.970483        0.00182543
