                 2               100          0.189706          0.195482        0.00101157
              1.99               100          0.188436           0.19702        0.00102422
              1.98               100          0.187605          0.198844        0.00103752
              1.97               100          0.188093          0.200406        0.00104335
              1.96               100           0.19031          0.201917        0.00107188
              1.95               100          0.189712          0.203383        0.00107084
              1.94               100          0.193447          0.204799        0.00106976
              1.93               100          0.194441          0.206338        0.00108884
              1.92               100          0.195416          0.207947        0.00111312
              1.91               100          0.196973          0.209278        0.00115085
               1.9               100          0.199446          0.210919        0.00116909
              1.89               100          0.203262          0.212816        0.00118425
              1.88               100          0.207422          0.214671        0.00115802
              1.87               100          0.208451          0.216212        0.00115687
              1.86               100          0.209625          0.217753        0.00119556
              1.85               100          0.216981          0.219506        0.00119349
              1.84               100          0.220204          0.221127        0.00120089
              1.83               100           0.22295          0.222959        0.00119634
              1.82               100          0.220997          0.224681        0.00122095
              1.81               100          0.225706          0.226645        0.00121808
               1.8               100          0.224442          0.228389        0.00119619
              1.79               100          0.226853          0.230228        0.00122664
              1.78               100          0.228293          0.232199        0.00122485
              1.77               100          0.232654           0.23397        0.00121728
              1.76               100          0.237098          0.235742        0.00124518
              1.75               100          0.237175          0.237876        0.00127978
              1.74               100          0.239753          0.240044        0.00128142
              1.73               100          0.241809          0.242227        0.00127782
              1.72               100          0.246393          0.244337        0.00125901
              1.71               100          0.245372          0.246532         0.0012531
               1.7               100          0.253887          0.248431        0.00127887
              1.69               100          0.251217          0.250525        0.00133263
              1.68               100           0.25619          0.252144        0.00134458
              1.67               100          0.258377          0.254229        0.00131473
              1.66               100          0.255814          0.256247        0.00131305
              1.65               100          0.249056          0.258283        0.00132433
              1.64               100          0.256097          0.260549        0.00129364
              1.63               100          0.257046          0.263155        0.00127403
              1.62               100          0.252611          0.265562        0.00127264
              1.61               100          0.251459          0.267662        0.00130265
               1.6               100          0.250516          0.270148         0.0013943
              1.59               100          0.254453          0.272057        0.00140111
              1.58               100          0.250636           0.27491        0.00148274
              1.57               100          0.254702          0.277387        0.00146349
              1.56               100          0.260671          0.279725        0.00147086
              1.55               100          0.262541          0.281539        0.00148237
              1.54               100          0.263758          0.284376        0.00151468
              1.53               100          0.269768          0.286722        0.00151748
              1.52               100          0.273598          0.289265        0.00159682
              1.51               100          0.276298          0.291601        0.00161758
               1.5               100          0.277593           0.29416        0.00161767
              1.49               100          0.278213          0.296932        0.00172707
              1.48               100          0.281144          0.299872        0.00172391
              1.47               100          0.281864          0.301151        0.00177847
              1.46               100          0.293989          0.303657        0.00180123
              1.45               100          0.302768          0.306436        0.00185059
              1.44               100          0.308553          0.309774        0.00191961
              1.43               100          0.311561          0.312895        0.00187941
              1.42               100          0.319142           0.31492        0.00188974
              1.41               100          0.326973          0.317232        0.00190633
               1.4               100          0.337139          0.319664        0.00194992
              1.39               100          0.364627           0.32287        0.00205098
              1.38               100          0.370793          0.325041        0.00200723
              1.37               100          0.380709            0.3277        0.00197627
              1.36               100          0.381345          0.330424        0.00196719
              1.35               100          0.380122          0.333094        0.00188137
              1.34               100          0.377059          0.336258        0.00192564
              1.33               100          0.377914          0.338289        0.00196538
              1.32               100          0.362138          0.340224        0.00200296
              1.31               100          0.355768          0.342981        0.00195428
               1.3               100          0.356861          0.345616        0.00194128
              1.29               100          0.349859          0.347874        0.00188131
              1.28               100          0.334297          0.350378        0.00192564
              1.27               100          0.329718          0.352719        0.00207189
              1.26               100          0.348609          0.355278        0.00204092
              1.25               100          0.356491          0.357295        0.00209021
              1.24               100          0.364433          0.360819        0.00221386
              1.23               100          0.377988          0.362738        0.00228202
              1.22               100           0.37221          0.367398        0.00238228
              1.21               100          0.365631          0.370189         0.0023418
               1.2               100          0.351994          0.373688        0.00222328
              1.19               100          0.350238          0.376218        0.00223744
              1.18               100          0.340816          0.378649        0.00244668
              1.17               100          0.341903          0.381689        0.00241802
              1.16               100          0.351579          0.383575        0.00261165
              1.15               100          0.359395          0.386436        0.00260249
              1.14               100          0.365011          0.390641         0.0028315
              1.13               100          0.365103          0.394231        0.00274769
              1.12               100          0.368857          0.397617         0.0026522
              1.11               100          0.369358           0.40088        0.00277773
               1.1               100          0.372913          0.402475        0.00271051
              1.09               100          0.380209          0.403081        0.00279535
              1.08               100          0.375199          0.404468        0.00291277
              1.07               100          0.365926          0.405728        0.00291481
              1.06               100          0.365476          0.407272        0.00309316
              1.05               100          0.378661          0.408473        0.00309576
              1.04               100          0.380904           0.41123         0.0031201
              1.03               100           0.38086          0.412992        0.00321453
              1.02               100          0.375303          0.413699        0.00317574
              1.01               100          0.374607          0.414474        0.00302889
                 1               100          0.359447          0.416229        0.00305941
              0.99               100          0.382968          0.417589        0.00331057
              0.98               100          0.394395          0.418884         0.0034913
              0.97               100          0.391659          0.418158        0.00361739
              0.96               100          0.395483          0.420677        0.00359234
              0.95               100           0.40872          0.421681        0.00351596
              0.94               100          0.416034           0.42338        0.00369653
              0.93               100          0.401424          0.426548        0.00367023
              0.92               100          0.382881          0.427521        0.00418228
              0.91               100          0.389456          0.424951        0.00436313
               0.9               100          0.458189            0.4271        0.00430432
              0.89               100          0.405935          0.428897        0.00437464
              0.88               100          0.386274          0.429407        0.00454991
              0.87               100          0.378849          0.428219        0.00431632
              0.86               100          0.393324          0.427711        0.00437983
              0.85               100            0.4166          0.424817        0.00458835
              0.84               100          0.456359           0.42682         0.0047339
              0.83               100          0.398046          0.424823        0.00494265
              0.82               100          0.401795          0.427563        0.00524844
              0.81               100          0.413422           0.43116        0.00585274
               0.8               100          0.402179           0.42948        0.00634046
              0.79               100          0.429232          0.433734        0.00627833
              0.78               100          0.424308          0.436257        0.00644037
              0.77               100          0.422156          0.431933         0.0070375
              0.76               100           0.39379          0.418668        0.00686598
              0.75               100           0.40853          0.417199        0.00680159
              0.74               100          0.402863          0.415299        0.00643698
              0.73               100          0.408992          0.419996        0.00651819
              0.72               100          0.392504          0.415252        0.00702976
              0.71               100          0.452659           0.41268        0.00719592
               0.7               100          0.506399          0.412476        0.00720258
              0.69               100          0.497895           0.41312        0.00798156
              0.68               100           0.50302          0.409246        0.00890077
              0.67               100           0.47443          0.408034        0.00858513
              0.66               100          0.467509          0.405144        0.00935812
              0.65               100           0.37954          0.397408         0.0104643
              0.64               100          0.356934          0.399934         0.0104471
              0.63               100          0.362327          0.391536         0.0100218
              0.62               100          0.375108          0.389351        0.00977568
              0.61               100          0.399025          0.380021         0.0102297
               0.6               100          0.276244          0.371853        0.00922935
              0.59               100          0.291241          0.364145        0.00942968
              0.58               100           0.28437          0.364085        0.00981721
              0.57               100          0.289006             0.364        0.00978484
              0.56               100          0.312121          0.348181         0.0107736
              0.55               100          0.319385          0.336905         0.0104989
              0.54               100          0.211907          0.332884         0.0121568
              0.53               100          0.314126          0.324491         0.0115467
              0.52               100          0.326285          0.313697         0.0121977
              0.51               100          0.331688          0.289493         0.0127331
