                 2                 1             -0.28             -0.28                 0
                 2                 2             -0.44             -0.36              0.08
                 2                 3             -0.52         -0.413333         0.0705534
                 2                 4              -0.6             -0.46          0.068313
                 2                 5             -0.36             -0.44         0.0565685
                 2                 6             -0.52         -0.453333          0.048074
                 2                 7              -0.6         -0.474286         0.0457143
                 2                 8             -0.28             -0.45         0.0464451
                 2                 9             -0.44         -0.448889         0.0409758
                 2                10             -0.44            -0.448         0.0366606
                 2                11             -0.52         -0.454545         0.0338006
                 2                12             -0.52             -0.46          0.031334
                 2                13             -0.36         -0.452308         0.0298319
                 2                14              -0.6         -0.462857         0.0295651
                 2                15             -0.68         -0.477333         0.0310984
                 2                16              -0.6            -0.485         0.0300832
                 2                17             -0.44         -0.482353          0.028382
                 2                18             -0.44             -0.48          0.026862
                 2                19             -0.36         -0.473684         0.0261821
                 2                20             -0.52            -0.476         0.0249463
                 2                21             -0.52         -0.478095         0.0238209
                 2                22             -0.44         -0.476364         0.0227783
                 2                23             -0.68         -0.485217         0.0234973
                 2                24             -0.44         -0.483333         0.0225757
                 2                25             -0.76           -0.4944         0.0243179
                 2                26             -0.68         -0.501538         0.0244301
                 2                27             -0.36         -0.496296         0.0240852
                 2                28             -0.44         -0.494286         0.0232961
                 2                29             -0.44         -0.492414         0.0225562
                 2                30              -0.6            -0.496         0.0220845
                 2                31              -0.6         -0.499355          0.021622
                 2                32             -0.52              -0.5         0.0209454
                 2                33             -0.68         -0.505455         0.0210208
                 2                34             -0.36         -0.501176         0.0208371
                 2                35             -0.28         -0.494857         0.0211968
                 2                36             -0.52         -0.495556         0.0206115
                 2                37             -0.28          -0.48973          0.020876
                 2                38              -0.6         -0.492632         0.0205254
                 2                39              -0.6         -0.495385         0.0201808
                 2                40             -0.36            -0.492         0.0199589
                 2                41             -0.36          -0.48878         0.0197305
                 2                42             -0.44         -0.487619           0.01929
                 2                43             -0.44         -0.486512         0.0188686
                 2                44             -0.36         -0.483636         0.0186576
                 2                45             -0.44         -0.482667         0.0182641
                 2                46             -0.52         -0.483478          0.017881
                 2                47             -0.52         -0.484255         0.0175137
                 2                48             -0.36         -0.481667         0.0173393
                 2                49             -0.44         -0.480816          0.017003
                 2                50              -0.6           -0.4832         0.0168291
                 2                51             -0.52         -0.483922         0.0165116
                 2                52              -0.6         -0.486154         0.0163441
                 2                53              -0.6         -0.488302          0.016176
                 2                54             -0.44         -0.487407         0.0158988
                 2                55             -0.44         -0.486545         0.0156309
                 2                56             -0.52         -0.487143         0.0153608
                 2                57             -0.44         -0.486316         0.0151116
                 2                58             -0.28         -0.482759         0.0152689
                 2                59             -0.44         -0.482034         0.0150254
                 2                60             -0.44         -0.481333         0.0147894
                 2                61             -0.36         -0.479344         0.0146803
                 2                62              -0.6          -0.48129         0.0145721
                 2                63              -0.6         -0.483175         0.0144622
                 2                64              -0.6            -0.485          0.014351
                 2                65              -0.6         -0.486769         0.0142389
                 2                66             -0.44         -0.486061         0.0140394
                 2                67             -0.52         -0.486567         0.0138375
                 2                68             -0.52         -0.487059         0.0136414
                 2                69              -0.6         -0.488696         0.0135415
                 2                70              -0.6         -0.490286          0.013441
                 2                71             -0.44         -0.489577         0.0132693
                 2                72             -0.44         -0.488889         0.0131018
                 2                73             -0.36         -0.487123         0.0130411
                 2                74             -0.44         -0.486486         0.0128795
                 2                75             -0.44         -0.485867         0.0127217
                 2                76             -0.44         -0.485263         0.0125677
                 2                77             -0.36         -0.483636         0.0125096
                 2                78             -0.44         -0.483077         0.0123609
                 2                79             -0.52         -0.483544         0.0122123
                 2                80             -0.52            -0.484         0.0120673
                 2                81             -0.44         -0.483457         0.0119298
                 2                82             -0.52         -0.483902         0.0117918
                 2                83              -0.6         -0.485301         0.0117326
                 2                84             -0.52         -0.485714         0.0115994
                 2                85             -0.52         -0.486118         0.0114692
                 2                86             -0.44         -0.485581         0.0113478
                 2                87             -0.52         -0.485977         0.0112235
                 2                88             -0.52         -0.486364          0.011102
                 2                89             -0.44         -0.485843         0.0109889
                 2                90             -0.44         -0.485333         0.0108781
                 2                91             -0.44         -0.484835         0.0107694
                 2                92             -0.44         -0.484348         0.0106628
                 2                93             -0.44         -0.483871         0.0105583
                 2                94             -0.44         -0.483404         0.0104558
                 2                95             -0.52         -0.483789         0.0103523
                 2                96              -0.6            -0.485         0.0103152
                 2                97             -0.68          -0.48701         0.0104044
                 2                98             -0.68          -0.48898         0.0104843
                 2                99             -0.68         -0.490909         0.0105557
                 2               100             -0.44           -0.4904          0.010462
                 2               101             -0.52         -0.490693          0.010362
                 2               102              -0.6         -0.491765         0.0103157
                 2               103              -0.6         -0.492816          0.010269
                 2               104             -0.44         -0.492308         0.0101825
                 2               105              -0.2         -0.489524         0.0104622
                 2               106             -0.44         -0.489057         0.0103736
                 2               107             -0.44         -0.488598         0.0102864
                 2               108              -0.2         -0.485926         0.0105352
                 2               109             -0.36         -0.484771         0.0105018
                 2               110             -0.52         -0.485091         0.0104109
                 2               111              -0.6         -0.486126         0.0103685
                 2               112             -0.52         -0.486429         0.0102799
                 2               113             -0.36          -0.48531         0.0102498
                 2               114              -0.2         -0.482807         0.0104632
                 2               115             -0.04         -0.478957         0.0110635
                 2               116             -0.36         -0.477931         0.0110155
                 2               117             -0.36         -0.476923         0.0109674
                 2               118             -0.28         -0.475254         0.0110014
                 2               119             -0.44         -0.474958         0.0109126
                 2               120             -0.44         -0.474667         0.0108252
                 2               121             -0.52         -0.475041         0.0107419
                 2               122             -0.52          -0.47541         0.0106598
                 2               123             -0.44         -0.475122         0.0105767
                 2               124             -0.44         -0.474839         0.0104949
                 2               125             -0.36          -0.47392         0.0104511
                 2               126             -0.28         -0.472381         0.0104814
                 2               127             -0.44         -0.472126         0.0104017
                 2               128             -0.52           -0.4725         0.0103268
                 2               129             -0.52         -0.472868         0.0102531
                 2               130             -0.44         -0.472615         0.0101771
                 2               131             -0.36         -0.471756         0.0101356
                 2               132             -0.28         -0.470303         0.0101629
                 2               133             -0.12         -0.467669         0.0104244
                 2               134              -0.2         -0.465672         0.0105374
                 2               135             -0.12         -0.463111         0.0107679
                 2               136             -0.36         -0.462353         0.0107153
                 2               137             -0.52         -0.462774         0.0106451
                 2               138             -0.52         -0.463188         0.0105758
                 2               139             -0.44         -0.463022         0.0105008
                 2               140             -0.36         -0.462286         0.0104514
                 2               141             -0.44         -0.462128         0.0103783
                 2               142             -0.52         -0.462535          0.010313
                 2               143             -0.52         -0.462937         0.0102485
                 2               144             -0.68         -0.464444         0.0102881
                 2               145             -0.68         -0.465931         0.0103245
                 2               146             -0.36         -0.465205         0.0102792
                 2               147             -0.44         -0.465034         0.0102104
                 2               148             -0.36         -0.464324          0.010166
                 2               149             -0.44         -0.464161         0.0100989
                 2               150             -0.44            -0.464         0.0100326
                 2               151             -0.52         -0.464371        0.00997284
                 2               152             -0.44         -0.464211        0.00990831
                 2               153             -0.44         -0.464052        0.00984461
                 2               154             -0.44         -0.463896        0.00978172
                 2               155             -0.36         -0.463226         0.0097415
                 2               156             -0.36         -0.462564        0.00970145
                 2               157             -0.68         -0.463949        0.00973844
                 2               158             -0.52         -0.464304        0.00968311
                 2               159              -0.6         -0.465157        0.00965979
                 2               160             -0.52           -0.4655        0.00960534
                 2               161              -0.6         -0.466335        0.00958198
                 2               162             -0.28         -0.465185        0.00959186
                 2               163             -0.44         -0.465031        0.00953409
                 2               164             -0.52         -0.465366         0.0094817
                 2               165              -0.6         -0.466182        0.00945932
                 2               166             -0.52         -0.466506        0.00940775
                 2               167             -0.68         -0.467784        0.00943823
                 2               168              -0.6         -0.468571        0.00941483
                 2               169             -0.36         -0.467929        0.00938098
                 2               170             -0.68         -0.469176         0.0094087
                 2               171              -0.6         -0.469942        0.00938475
                 2               172             -0.76         -0.471628        0.00948121
                 2               173             -0.52         -0.471908        0.00943039
                 2               174             -0.28         -0.470805        0.00944069
                 2               175             -0.36         -0.470171        0.00940791
                 2               176             -0.44             -0.47        0.00935588
                 2               177             -0.36         -0.469379        0.00932361
                 2               178             -0.52         -0.469663        0.00927544
                 2               179             -0.52         -0.469944        0.00922776
                 2               180             -0.44         -0.469778        0.00917786
                 2               181             -0.44         -0.469613         0.0091285
                 2               182              -0.2         -0.468132        0.00919827
                 2               183             -0.44         -0.467978        0.00914916
                 2               184             -0.44         -0.467826        0.00910057
                 2               185             -0.28         -0.466811        0.00910801
                 2               186              -0.6         -0.467527        0.00908717
                 2               187             -0.68         -0.468663        0.00910958
                 2               188             -0.52         -0.468936        0.00906511
                 2               189             -0.44         -0.468783        0.00901832
                 2               190             -0.44         -0.468632        0.00897201
                 2               191             -0.44         -0.468482        0.00892617
                 2               192             -0.36         -0.467917        0.00889751
                 2               193             -0.36         -0.467358        0.00886894
                 2               194             -0.44         -0.467216        0.00882423
                 2               195             -0.52         -0.467487        0.00878303
                 2               196             -0.44         -0.467347        0.00873923
                 2               197             -0.28         -0.466396        0.00874661
                 2               198             -0.36         -0.465859         0.0087189
                 2               199             -0.28         -0.464925         0.0087251
                 2               200             -0.36           -0.4644        0.00869721
                 2               201              -0.6         -0.465075        0.00868009
                 2               202             -0.36         -0.464554        0.00865266
                 2               203             -0.44         -0.464433        0.00861078
                 2               204              -0.6         -0.465098        0.00859419
                 2               205              -0.6         -0.465756        0.00857745
                 2               206             -0.52         -0.466019        0.00853977
                 2               207             -0.36         -0.465507        0.00851383
                 2               208             -0.28         -0.464615        0.00851961
                 2               209             -0.36         -0.464115        0.00849351
                 2               210             -0.28         -0.463238        0.00849832
                 2               211             -0.36         -0.462749        0.00847209
                 2               212             -0.52         -0.463019        0.00843635
                 2               213             -0.44         -0.462911        0.00839735
                 2               214             -0.44         -0.462804         0.0083587
                 2               215             -0.36         -0.462326        0.00833346
                 2               216             -0.44         -0.462222        0.00829543
                 2               217             -0.12         -0.460645        0.00840637
                 2               218             -0.28         -0.459817        0.00840865
                 2               219              -0.6         -0.460457        0.00839461
                 2               220             -0.52         -0.460727        0.00836075
                 2               221              -0.6         -0.461357        0.00834666
                 2               222             -0.44         -0.461261        0.00830953
                 2               223             -0.44         -0.461166        0.00827273
                 2               224              -0.2             -0.46        0.00831784
                 2               225             -0.44         -0.459911        0.00828126
                 2               226             -0.36         -0.459469        0.00825638
                 2               227             -0.44         -0.459383        0.00822038
                 2               228             -0.52         -0.459649        0.00818856
                 2               229             -0.76         -0.460961        0.00825755
                 2               230             -0.44          -0.46087        0.00822208
                 2               231             -0.36         -0.460433        0.00819804
                 2               232             -0.52          -0.46069        0.00816667
                 2               233             -0.36         -0.460258        0.00814302
                 2               234             -0.52         -0.460513        0.00811216
                 2               235             -0.52         -0.460766        0.00808153
                 2               236             -0.52         -0.461017        0.00805113
                 2               237             -0.52         -0.461266        0.00802095
                 2               238             -0.68         -0.462185        0.00803988
                 2               239             -0.52         -0.462427        0.00800982
                 2               240              -0.6            -0.463        0.00799695
                 2               241             -0.44         -0.462905        0.00796427
                 2               242             -0.52          -0.46314         0.0079348
                 2               243             -0.52         -0.463374        0.00790554
                 2               244              -0.6         -0.463934        0.00789296
                 2               245             -0.76         -0.465143        0.00795302
                 2               246             -0.44         -0.465041        0.00792129
                 2               247             -0.76         -0.466235        0.00797902
                 2               248             -0.76         -0.467419        0.00803458
                 2               249              -0.6         -0.467952        0.00801994
                 2               250             -0.76          -0.46912        0.00807277
                 2               251              -0.6         -0.469641        0.00805743
                 2               252              -0.6         -0.470159        0.00804205
                 2               253             -0.44          -0.47004        0.00801109
                 2               254             -0.52         -0.470236        0.00798191
                 2               255             -0.36         -0.469804        0.00796229
                 2               256             -0.44         -0.469687        0.00793198
                 2               257              -0.6         -0.470195        0.00791731
                 2               258             -0.44         -0.470078        0.00788743
                 2               259             -0.36         -0.469653         0.0078684
                 2               260             -0.44         -0.469538        0.00783891
                 2               261             -0.52         -0.469732        0.00781121
                 2               262             -0.36         -0.469313        0.00779261
                 2               263             -0.36         -0.468897        0.00777404
                 2               264             -0.44         -0.468788        0.00774531
                 2               265             -0.36         -0.468377        0.00772694
                 2               266             -0.36          -0.46797        0.00770861
                 2               267             -0.28         -0.467266        0.00771189
                 2               268             -0.44         -0.467164        0.00768373
                 2               269             -0.04         -0.465576        0.00781808
                 2               270             -0.44         -0.465481        0.00778965
                 2               271             -0.44         -0.465387        0.00776142
                 2               272              -0.6         -0.465882        0.00774865
                 2               273              -0.6         -0.466374        0.00773583
                 2               274             -0.52         -0.466569        0.00771003
                 2               275             -0.52         -0.466764         0.0076844
                 2               276             -0.52         -0.466957        0.00765894
                 2               277             -0.44         -0.466859        0.00763186
                 2               278              -0.6         -0.467338        0.00761942
                 2               279              -0.6         -0.467814        0.00760694
                 2               280             -0.52            -0.468        0.00758201
                 2               281             -0.44           -0.4679        0.00755564
                 2               282             -0.44         -0.467801        0.00752945
                 2               283             -0.36          -0.46742        0.00751246
                 2               284             -0.36         -0.467042        0.00749551
                 2               285             -0.36         -0.466667         0.0074786
                 2               286             -0.44         -0.466573        0.00745299
                 2               287             -0.36         -0.466202        0.00743625
                 2               288             -0.44         -0.466111        0.00741095
                 2               289             -0.36         -0.465744        0.00739438
                 2               290             -0.36         -0.465379        0.00737785
                 2               291             -0.44         -0.465292        0.00735298
                 2               292             -0.52         -0.465479        0.00733015
                 2               293             -0.44         -0.465392         0.0073056
                 2               294             -0.44         -0.465306        0.00728122
                 2               295             -0.52         -0.465492        0.00725887
                 2               296             -0.44         -0.465405        0.00723482
                 2               297             -0.44          -0.46532        0.00721092
                 2               298             -0.76         -0.466309         0.0072544
                 2               299             -0.44         -0.466221        0.00723063
                 2               300             -0.52           -0.4664        0.00720872
                 2               301             -0.68          -0.46711        0.00721969
                 2               302             -0.52         -0.467285        0.00719787
                 2               303             -0.28         -0.466667        0.00720065
                 2               304             -0.36         -0.466316         0.0071855
                 2               305             -0.36         -0.465967        0.00717038
                 2               306             -0.36         -0.465621        0.00715529
                 2               307             -0.44         -0.465537        0.00713244
                 2               308             -0.36         -0.465195         0.0071175
                 2               309             -0.28         -0.464595         0.0071197
                 2               310             -0.52         -0.464774        0.00709894
                 2               311             -0.44         -0.464695        0.00707653
                 2               312              -0.6         -0.465128        0.00706713
                 2               313             -0.44         -0.465048        0.00704497
                 2               314             -0.36         -0.464713        0.00703046
                 2               315             -0.44         -0.464635        0.00700855
                 2               316             -0.28         -0.464051        0.00701072
                 2               317             -0.44         -0.463975        0.00698898
                 2               318             -0.52         -0.464151         0.0069692
                 2               319             -0.36         -0.463824        0.00695499
                 2               320             -0.52            -0.464        0.00693544
                 2               321             -0.44         -0.463925         0.0069142
                 2               322             -0.36         -0.463602        0.00690025
                 2               323             -0.44         -0.463529        0.00687924
                 2               324             -0.44         -0.463457        0.00685836
                 2               325             -0.76         -0.464369        0.00689784
                 2               326             -0.52          -0.46454        0.00687877
                 2               327             -0.36          -0.46422        0.00686515
                 2               328             -0.28         -0.463659        0.00686719
                 2               329             -0.52          -0.46383        0.00684843
                 2               330              -0.6         -0.464242         0.0068401
                 2               331             -0.52         -0.464411        0.00682148
                 2               332             -0.36         -0.464096        0.00680817
                 2               333             -0.44         -0.464024        0.00678808
                 2               334             -0.44         -0.463952        0.00676811
                 2               335             -0.36         -0.463642        0.00675501
                 2               336             -0.36         -0.463333        0.00674193
                 2               337             -0.44         -0.463264        0.00672226
                 2               338             -0.52         -0.463432        0.00670444
                 2               339             -0.44         -0.463363        0.00668499
                 2               340             -0.44         -0.463294        0.00666565
                 2               341             -0.28         -0.462757        0.00666778
                 2               342             -0.28         -0.462222         0.0066697
                 2               343             -0.44         -0.462157        0.00665054
                 2               344             -0.52         -0.462326        0.00663331
                 2               345             -0.52         -0.462493        0.00661617
                 2               346             -0.44         -0.462428        0.00659734
                 2               347             -0.52         -0.462594        0.00658039
                 2               348             -0.52         -0.462759        0.00656353
                 2               349              -0.6         -0.463152        0.00655649
                 2               350             -0.44         -0.463086        0.00653807
                 2               351             -0.44          -0.46302        0.00651975
                 2               352             -0.52         -0.463182        0.00650321
                 2               353              -0.6         -0.463569        0.00649634
                 2               354             -0.68         -0.464181        0.00650675
                 2               355             -0.68         -0.464789        0.00651681
                 2               356             -0.68         -0.465393        0.00652654
                 2               357             -0.76         -0.466218        0.00656034
                 2               358              -0.6         -0.466592        0.00655265
                 2               359              -0.6         -0.466964        0.00654493
                 2               360             -0.36         -0.466667        0.00653349
                 2               361             -0.44         -0.466593        0.00651578
                 2               362             -0.44         -0.466519        0.00649817
                 2               363              -0.6         -0.466887        0.00649067
                 2               364             -0.52         -0.467033        0.00647446
                 2               365             -0.52         -0.467178        0.00645833
                 2               366              -0.6         -0.467541        0.00645088
                 2               367              -0.6         -0.467902        0.00644339
                 2               368             -0.44         -0.467826         0.0064263
                 2               369             -0.44         -0.467751        0.00640931
                 2               370             -0.68         -0.468324        0.00641765
                 2               371             -0.28         -0.467817        0.00642043
                 2               372              -0.6         -0.468172          0.006413
                 2               373             -0.52         -0.468311        0.00639729
                 2               374             -0.68         -0.468877        0.00640522
                 2               375             -0.36         -0.468587        0.00639471
                 2               376              -0.6         -0.468936        0.00638725
                 2               377              -0.6         -0.469284        0.00637977
                 2               378              -0.6          -0.46963        0.00637226
                 2               379             -0.68         -0.470185        0.00637961
                 2               380              -0.6         -0.470526        0.00637197
                 2               381             -0.36         -0.470236        0.00636184
                 2               382             -0.44         -0.470157        0.00634566
                 2               383             -0.52         -0.470287         0.0063304
                 2               384             -0.44         -0.470208        0.00631439
                 2               385             -0.44          -0.47013        0.00629846
                 2               386             -0.36         -0.469845        0.00628859
                 2               387             -0.44         -0.469767         0.0062728
                 2               388             -0.36         -0.469485          0.006263
                 2               389             -0.28         -0.468997        0.00626584
                 2               390              -0.6         -0.469333        0.00625878
                 2               391             -0.44         -0.469258         0.0062432
                 2               392             -0.52         -0.469388         0.0062286
                 2               393              -0.6          -0.46972        0.00622161
                 2               394             -0.76         -0.470457        0.00624938
                 2               395             -0.68         -0.470987        0.00625607
                 2               396              -0.6         -0.471313        0.00624875
                 2               397              -0.6         -0.471637        0.00624142
                 2               398              -0.6          -0.47196        0.00623406
                 2               399             -0.52          -0.47208        0.00621958
                 2               400             -0.52           -0.4722        0.00620517
                 2               401             -0.44          -0.47212         0.0061902
                 2               402             -0.52         -0.472239        0.00617593
                 2               403              -0.6         -0.472556        0.00616874
                 2               404              -0.6         -0.472871        0.00616153
                 2               405             -0.44          -0.47279        0.00614683
                 2               406             -0.52         -0.472906        0.00613278
                 2               407             -0.44         -0.472826        0.00611823
                 2               408             -0.36         -0.472549        0.00610947
                 2               409             -0.44         -0.472469        0.00609504
                 2               410             -0.52         -0.472585        0.00608126
                 2               411             -0.36         -0.472311        0.00607262
                 2               412             -0.36         -0.472039          0.006064
                 2               413             -0.36         -0.471768        0.00605538
                 2               414             -0.36         -0.471498        0.00604676
                 2               415             -0.28         -0.471036         0.0060498
                 2               416             -0.44         -0.470962         0.0060357
                 2               417             -0.44         -0.470887        0.00602166
                 2               418             -0.36         -0.470622         0.0060131
                 2               419             -0.52          -0.47074        0.00599989
                 2               420             -0.44         -0.470667        0.00598603
                 2               421              -0.2         -0.470024         0.0060063
                 2               422              -0.6         -0.470332        0.00599996
                 2               423             -0.52         -0.470449        0.00598691
                 2               424              -0.6         -0.470755        0.00598059
                 2               425             -0.28         -0.470306        0.00598336
                 2               426             -0.28         -0.469859        0.00598599
                 2               427             -0.76         -0.470539        0.00601048
                 2               428             -0.36          -0.47028        0.00600198
                 2               429             -0.44          -0.47021        0.00598839
                 2               430             -0.44          -0.47014        0.00597486
                 2               431              -0.6         -0.470441        0.00596859
                 2               432             -0.44          -0.47037        0.00595518
                 2               433             -0.44           -0.4703        0.00594182
                 2               434             -0.44          -0.47023        0.00592853
                 2               435             -0.52         -0.470345        0.00591599
                 2               436             -0.68         -0.470826        0.00592196
                 2               437             -0.36         -0.470572        0.00591383
                 2               438              -0.6         -0.470868        0.00590771
                 2               439              -0.6         -0.471162        0.00590157
                 2               440             -0.68         -0.471636        0.00590724
                 2               441             -0.68         -0.472109        0.00591274
                 2               442              -0.6         -0.472398        0.00590644
                 2               443             -0.52         -0.472506        0.00589407
                 2               444             -0.28         -0.472072        0.00589674
                 2               445             -0.52          -0.47218        0.00588446
                 2               446             -0.52         -0.472287        0.00587223
                 2               447             -0.52         -0.472394        0.00586005
                 2               448             -0.68         -0.472857        0.00586529
                 2               449             -0.68         -0.473318        0.00587037
                 2               450             -0.52         -0.473422        0.00585823
                 2               451             -0.36         -0.473171        0.00585064
                 2               452             -0.76         -0.473805        0.00587207
                 2               453             -0.44         -0.473731        0.00585956
                 2               454             -0.52         -0.473833        0.00584753
                 2               455              -0.6          -0.47411        0.00584125
                 2               456             -0.52         -0.474211         0.0058293
                 2               457              -0.6         -0.474486        0.00582304
                 2               458              -0.6          -0.47476        0.00581677
                 2               459              -0.6         -0.475033        0.00581049
                 2               460             -0.52          -0.47513        0.00579867
                 2               461             -0.52         -0.475228         0.0057869
                 2               462             -0.68         -0.475671        0.00579134
                 2               463             -0.44         -0.475594        0.00577933
                 2               464             -0.44         -0.475517        0.00576738
                 2               465             -0.28         -0.475097         0.0057703
                 2               466              -0.6         -0.475365        0.00576414
                 2               467              -0.6         -0.475632        0.00575797
                 2               468             -0.44         -0.475556        0.00574616
                 2               469              -0.6         -0.475821        0.00574003
                 2               470              -0.6         -0.476085        0.00573389
                 2               471              -0.6         -0.476348        0.00572775
                 2               472             -0.68          -0.47678        0.00573187
                 2               473             -0.52         -0.476871        0.00572047
                 2               474             -0.68           -0.4773        0.00572445
                 2               475             -0.52         -0.477389        0.00571309
                 2               476             -0.52         -0.477479        0.00570178
                 2               477             -0.52         -0.477568        0.00569051
                 2               478              -0.6         -0.477824        0.00568437
                 2               479             -0.44         -0.477745        0.00567304
                 2               480             -0.04         -0.476833        0.00573419
                 2               481             -0.36          -0.47659        0.00572741
                 2               482             -0.36         -0.476349        0.00572063
                 2               483              -0.6         -0.476605        0.00571451
                 2               484              -0.6          -0.47686        0.00570839
                 2               485             -0.44         -0.476784        0.00569711
                 2               486             -0.68         -0.477202        0.00570074
                 2               487             -0.52          -0.47729         0.0056897
                 2               488             -0.52         -0.477377         0.0056787
                 2               489              -0.6         -0.477628        0.00567262
                 2               490              -0.6         -0.477878        0.00566654
                 2               491             -0.68         -0.478289        0.00566995
                 2               492             -0.28         -0.477886        0.00567275
                 2               493             -0.52         -0.477972        0.00566187
                 2               494             -0.12         -0.477247        0.00569668
                 2               495             -0.44         -0.477172        0.00568565
                 2               496             -0.44         -0.477097        0.00567467
                 2               497             -0.44         -0.477022        0.00566374
                 2               498             -0.44         -0.476948        0.00565284
                 2               499              -0.6         -0.477194        0.00564689
                 2               500             -0.52          -0.47728        0.00563623
                 2               501             -0.44         -0.477206        0.00562547
                 2               502              -0.6          -0.47745        0.00561957
                 2               503             -0.44         -0.477376        0.00560889
                 2               504             -0.52          -0.47746        0.00559838
                 2               505             -0.52         -0.477545        0.00558792
                 2               506              -0.6         -0.477787        0.00558212
                 2               507             -0.36         -0.477554        0.00557594
                 2               508             -0.52         -0.477638        0.00556558
                 2               509             -0.52         -0.477721        0.00555526
                 2               510             -0.28         -0.477333        0.00555789
                 2               511             -0.52         -0.477417        0.00554763
                 2               512             -0.44         -0.477344        0.00553727
                 2               513             -0.52         -0.477427        0.00552709
                 2               514              -0.6         -0.477665        0.00552148
                 2               515              -0.6         -0.477903        0.00551586
                 2               516             -0.68         -0.478295        0.00551908
                 2               517             -0.44         -0.478221        0.00550889
                 2               518              -0.6         -0.478456        0.00550327
                 2               519             -0.68         -0.478844        0.00550637
                 2               520             -0.44         -0.478769        0.00549627
                 2               521             -0.44         -0.478695        0.00548622
                 2               522             -0.28         -0.478314        0.00548891
                 2               523             -0.12         -0.477629        0.00552108
                 2               524             -0.44         -0.477557          0.005511
                 2               525              -0.2         -0.477029        0.00552584
                 2               526             -0.36         -0.476806        0.00551981
                 2               527             -0.44         -0.476736        0.00550977
                 2               528             -0.44         -0.476667        0.00549977
                 2               529             -0.68         -0.477051         0.0055028
                 2               530             -0.44         -0.476981        0.00549285
                 2               531             -0.36         -0.476761        0.00548692
                 2               532             -0.36         -0.476541          0.005481
                 2               533             -0.52         -0.476623        0.00547131
                 2               534             -0.68         -0.477004        0.00547432
                 2               535             -0.36         -0.476785        0.00546845
                 2               536             -0.36         -0.476567        0.00546259
                 2               537             -0.28         -0.476201        0.00546468
                 2               538             -0.28         -0.475836        0.00546669
                 2               539             -0.44          -0.47577        0.00545694
                 2               540             -0.52         -0.475852        0.00544745
                 2               541             -0.44         -0.475786        0.00543777
                 2               542             -0.44          -0.47572        0.00542813
                 2               543             -0.36         -0.475506        0.00542231
                 2               544              -0.6         -0.475735        0.00541717
                 2               545             -0.52         -0.475817        0.00540783
                 2               546              -0.6         -0.476044        0.00540271
                 2               547              -0.6         -0.476271        0.00539758
                 2               548             -0.44         -0.476204        0.00538813
                 2               549              -0.6          -0.47643        0.00538303
                 2               550             -0.44         -0.476364        0.00537365
                 2               551             -0.36         -0.476152        0.00536804
                 2               552             -0.36         -0.475942        0.00536244
                 2               553             -0.52         -0.476022        0.00535332
                 2               554             -0.44         -0.475957        0.00534405
                 2               555             -0.44         -0.475892         0.0053348
                 2               556             -0.52         -0.475971        0.00532579
                 2               557             -0.36         -0.475763         0.0053203
                 2               558             -0.36         -0.475556         0.0053148
                 2               559             -0.28         -0.475206        0.00531681
                 2               560             -0.28         -0.474857        0.00531874
                 2               561             -0.36         -0.474652         0.0053132
                 2               562             -0.44         -0.474591        0.00530409
                 2               563             -0.52         -0.474671        0.00529528
                 2               564              -0.2         -0.474184        0.00530827
                 2               565             -0.52         -0.474265        0.00529949
                 2               566             -0.52         -0.474346        0.00529073
                 2               567             -0.36         -0.474145        0.00528524
                 2               568             -0.52         -0.474225        0.00527654
                 2               569             -0.68         -0.474587        0.00527966
                 2               570             -0.36         -0.474386        0.00527423
                 2               571             -0.68         -0.474746        0.00527728
                 2               572             -0.52         -0.474825        0.00526864
                 2               573             -0.52         -0.474904        0.00526003
                 2               574             -0.52         -0.474983        0.00525144
                 2               575              -0.6           -0.4752        0.00524681
                 2               576             -0.52         -0.475278        0.00523827
                 2               577              -0.6         -0.475494        0.00523365
                 2               578             -0.76         -0.475986        0.00524772
                 2               579             -0.68         -0.476339        0.00525049
                 2               580              -0.6         -0.476552        0.00524576
                 2               581             -0.44         -0.476489         0.0052371
                 2               582             -0.68         -0.476838        0.00523978
                 2               583             -0.52         -0.476913        0.00523131
                 2               584             -0.44         -0.476849        0.00522272
                 2               585             -0.44         -0.476786        0.00521417
                 2               586             -0.36         -0.476587        0.00520908
                 2               587             -0.52         -0.476661        0.00520072
                 2               588             -0.44         -0.476599        0.00519224
                 2               589              -0.6         -0.476808        0.00518765
                 2               590              -0.6         -0.477017        0.00518306
                 2               591             -0.52          -0.47709        0.00517479
                 2               592              -0.6         -0.477297        0.00517022
                 2               593              -0.6         -0.477504        0.00516564
                 2               594              -0.6          -0.47771        0.00516105
                 2               595              -0.6         -0.477916        0.00515647
                 2               596             -0.52         -0.477987         0.0051483
                 2               597             -0.44         -0.477923        0.00514006
                 2               598              -0.6         -0.478127        0.00513551
                 2               599             -0.44         -0.478063        0.00512733
                 2               600             -0.44            -0.478        0.00511917
                 2               601             -0.28         -0.477671        0.00512125
                 2               602              -0.6         -0.477874        0.00511678
                 2               603             -0.44         -0.477811        0.00510867
                 2               604             -0.44         -0.477748        0.00510059
                 2               605             -0.28         -0.477421        0.00510263
                 2               606              -0.6         -0.477624        0.00509822
                 2               607              -0.6         -0.477825         0.0050938
                 2               608             -0.68         -0.478158        0.00509628
                 2               609             -0.68         -0.478489        0.00509869
                 2               610              -0.6         -0.478689        0.00509422
                 2               611              -0.6         -0.478887        0.00508975
                 2               612             -0.52         -0.478954        0.00508187
                 2               613             -0.44         -0.478891        0.00507397
                 2               614             -0.52         -0.478958        0.00506614
                 2               615             -0.52         -0.479024        0.00505834
                 2               616             -0.44         -0.478961        0.00505051
                 2               617             -0.44         -0.478898        0.00504272
                 2               618             -0.52         -0.478964        0.00503499
                 2               619              -0.6          -0.47916        0.00503065
                 2               620              -0.6         -0.479355        0.00502631
                 2               621             -0.52          -0.47942        0.00501864
                 2               622             -0.36         -0.479228        0.00501424
                 2               623             -0.36         -0.479037        0.00500984
                 2               624              -0.6         -0.479231        0.00500556
                 2               625             -0.36          -0.47904        0.00500119
                 2               626             -0.36          -0.47885        0.00499681
                 2               627             -0.44         -0.478788        0.00498922
                 2               628             -0.12         -0.478217        0.00501392
                 2               629             -0.44         -0.478156        0.00500631
                 2               630             -0.36         -0.477968        0.00500188
                 2               631             -0.52         -0.478035        0.00499439
                 2               632             -0.52         -0.478101        0.00498692
                 2               633             -0.44         -0.478041         0.0049794
                 2               634             -0.52         -0.478107        0.00497198
                 2               635             -0.52         -0.478173        0.00496459
                 2               636             -0.36         -0.477987        0.00496026
                 2               637             -0.52         -0.478053         0.0049529
                 2               638             -0.44         -0.477994        0.00494549
                 2               639             -0.52         -0.478059        0.00493818
                 2               640             -0.44            -0.478        0.00493082
                 2               641              -0.6          -0.47819         0.0049268
                 2               642             -0.36         -0.478006        0.00492256
                 2               643             -0.36         -0.477823        0.00491833
                 2               644              -0.6         -0.478012        0.00491435
                 2               645              -0.6         -0.478202        0.00491037
                 2               646              -0.6          -0.47839        0.00490638
                 2               647             -0.36         -0.478207        0.00490221
                 2               648              -0.6         -0.478395        0.00489825
                 2               649             -0.52         -0.478459        0.00489111
                 2               650             -0.52         -0.478523          0.004884
                 2               651             -0.36         -0.478341        0.00487989
                 2               652             -0.52         -0.478405        0.00487282
                 2               653             -0.68         -0.478714        0.00487514
                 2               654             -0.36         -0.478532        0.00487106
                 2               655             -0.36         -0.478351        0.00486698
                 2               656             -0.36         -0.478171         0.0048629
                 2               657             -0.36         -0.477991        0.00485883
                 2               658             -0.36         -0.477812        0.00485475
                 2               659             -0.52         -0.477876         0.0048478
                 2               660             -0.52         -0.477939        0.00484087
                 2               661             -0.36         -0.477761        0.00483683
                 2               662             -0.28         -0.477462        0.00483875
                 2               663             -0.28         -0.477164        0.00484062
                 2               664             -0.44         -0.477108        0.00483365
                 2               665             -0.36         -0.476932        0.00482959
                 2               666             -0.52         -0.476997        0.00482276
                 2               667             -0.44         -0.476942        0.00481585
                 2               668             -0.44         -0.476886        0.00480895
                 2               669             -0.36         -0.476712        0.00480493
                 2               670             -0.36         -0.476537        0.00480092
                 2               671             -0.52         -0.476602        0.00479419
                 2               672              -0.6         -0.476786        0.00479058
                 2               673             -0.76         -0.477207        0.00480193
                 2               674             -0.44         -0.477151        0.00479512
                 2               675              -0.2         -0.476741        0.00480558
                 2               676             -0.68         -0.477041        0.00480788
                 2               677             -0.76         -0.477459        0.00481893
                 2               678             -0.44         -0.477404        0.00481213
                 2               679             -0.76          -0.47782        0.00482303
                 2               680             -0.44         -0.477765        0.00481626
                 2               681              -0.6         -0.477944        0.00481253
                 2               682              -0.6         -0.478123         0.0048088
                 2               683              -0.6         -0.478302        0.00480506
                 2               684             -0.44         -0.478246        0.00479836
                 2               685             -0.44          -0.47819        0.00479168
                 2               686             -0.52         -0.478251        0.00478507
                 2               687              -0.6         -0.478428        0.00478139
                 2               688             -0.52         -0.478488        0.00477482
                 2               689             -0.68         -0.478781        0.00477684
                 2               690             -0.44         -0.478725        0.00477025
                 2               691             -0.52         -0.478784        0.00476371
                 2               692             -0.52         -0.478844         0.0047572
                 2               693             -0.28         -0.478557        0.00475899
                 2               694             -0.36         -0.478386        0.00475519
                 2               695             -0.44         -0.478331        0.00474867
                 2               696             -0.28         -0.478046        0.00475039
                 2               697             -0.44         -0.477991        0.00474389
                 2               698             -0.36         -0.477822         0.0047401
                 2               699             -0.52         -0.477883         0.0047337
                 2               700             -0.52         -0.477943        0.00472732
                 2               701             -0.52         -0.478003        0.00472095
                 2               702             -0.44         -0.477949        0.00471453
                 2               703             -0.36         -0.477781        0.00471081
                 2               704             -0.36         -0.477614        0.00470708
                 2               705             -0.36         -0.477447        0.00470336
                 2               706              -0.6          -0.47762         0.0046999
                 2               707             -0.52          -0.47768        0.00469363
                 2               708             -0.52          -0.47774        0.00468738
                 2               709             -0.44         -0.477687        0.00468107
                 2               710             -0.52         -0.477746        0.00467485
                 2               711              -0.6         -0.477918        0.00467144
                 2               712             -0.44         -0.477865        0.00466517
                 2               713             -0.68         -0.478149        0.00466724
                 2               714              -0.6         -0.478319        0.00466383
                 2               715              -0.6          -0.47849        0.00466041
                 2               716              -0.6         -0.478659        0.00465699
                 2               717             -0.44         -0.478605         0.0046508
                 2               718             -0.44         -0.478552        0.00464463
                 2               719             -0.44         -0.478498        0.00463847
                 2               720              -0.6         -0.478667         0.0046351
                 2               721             -0.36         -0.478502        0.00463159
                 2               722              -0.6          -0.47867        0.00462823
                 2               723             -0.52         -0.478728        0.00462218
                 2               724             -0.36         -0.478564         0.0046187
                 2               725              -0.6         -0.478731        0.00461537
                 2               726             -0.44         -0.478678        0.00460932
                 2               727             -0.36         -0.478514        0.00460587
                 2               728             -0.52         -0.478571        0.00459989
                 2               729             -0.52         -0.478628        0.00459393
                 2               730             -0.28         -0.478356        0.00459569
                 2               731             -0.36         -0.478194        0.00459225
                 2               732             -0.36         -0.478033        0.00458882
                 2               733             -0.52          -0.47809        0.00458291
                 2               734             -0.44         -0.478038        0.00457696
                 2               735             -0.44         -0.477986        0.00457102
                 2               736             -0.36         -0.477826        0.00456762
                 2               737             -0.52         -0.477883        0.00456178
                 2               738             -0.52          -0.47794        0.00455595
                 2               739             -0.44         -0.477889        0.00455007
                 2               740              -0.2         -0.477514        0.00455941
                 2               741             -0.36         -0.477355        0.00455601
                 2               742             -0.36         -0.477197        0.00455261
                 2               743             -0.52         -0.477254        0.00454685
                 2               744             -0.44         -0.477204        0.00454101
                 2               745             -0.52         -0.477262        0.00453527
                 2               746             -0.36         -0.477105        0.00453192
                 2               747             -0.36         -0.476948        0.00452856
                 2               748             -0.44         -0.476898        0.00452277
                 2               749             -0.52         -0.476956        0.00451709
                 2               750             -0.36           -0.4768        0.00451376
                 2               751             -0.44         -0.476751        0.00450801
                 2               752              -0.6         -0.476915          0.004505
                 2               753             -0.52         -0.476972        0.00449937
                 2               754             -0.44         -0.476923        0.00449367
                 2               755             -0.44         -0.476874        0.00448798
                 2               756             -0.52         -0.476931         0.0044824
                 2               757             -0.44         -0.476882        0.00447674
                 2               758             -0.44         -0.476834         0.0044711
                 2               759             -0.36          -0.47668        0.00446786
                 2               760             -0.52         -0.476737        0.00446234
                 2               761             -0.44         -0.476689        0.00445673
                 2               762             -0.28          -0.47643        0.00445836
                 2               763              -0.2         -0.476068        0.00446723
                 2               764             -0.28         -0.475812        0.00446875
                 2               765             -0.44         -0.475765        0.00446315
                 2               766             -0.44         -0.475718        0.00445757
                 2               767             -0.36         -0.475567        0.00445431
                 2               768             -0.44         -0.475521        0.00444874
                 2               769              -0.6         -0.475683         0.0044459
                 2               770             -0.36         -0.475532        0.00444267
                 2               771              -0.6         -0.475694        0.00443984
                 2               772             -0.68         -0.475959        0.00444197
                 2               773             -0.52         -0.476016        0.00443659
                 2               774             -0.44         -0.475969         0.0044311
                 2               775             -0.36         -0.475819         0.0044279
                 2               776             -0.36          -0.47567        0.00442471
                 2               777             -0.44         -0.475624        0.00441925
                 2               778              -0.6         -0.475784        0.00441646
                 2               779              -0.6         -0.475944        0.00441367
                 2               780             -0.44         -0.475897        0.00440825
                 2               781             -0.28         -0.475647        0.00440974
                 2               782             -0.28         -0.475396         0.0044112
                 2               783              -0.6         -0.475556        0.00440843
                 2               784             -0.68         -0.475816        0.00441052
                 2               785             -0.52         -0.475873        0.00440526
                 2               786             -0.68         -0.476132        0.00440731
                 2               787             -0.76         -0.476493        0.00441646
                 2               788             -0.76         -0.476853         0.0044255
                 2               789             -0.44         -0.476806        0.00442014
                 2               790              -0.6         -0.476962        0.00441729
                 2               791             -0.36         -0.476814        0.00441418
                 2               792              -0.6          -0.47697        0.00441135
                 2               793             -0.36         -0.476822        0.00440825
                 2               794             -0.44         -0.476776        0.00440294
                 2               795             -0.44          -0.47673        0.00439764
                 2               796             -0.44         -0.476683        0.00439235
                 2               797             -0.52         -0.476738        0.00438717
                 2               798             -0.44         -0.476692        0.00438192
                 2               799             -0.52         -0.476746        0.00437676
                 2               800             -0.52           -0.4768        0.00437162
                 2               801             -0.44         -0.476754         0.0043664
                 2               802             -0.44         -0.476708         0.0043612
                 2               803             -0.52         -0.476762         0.0043561
                 2               804             -0.68         -0.477015        0.00435801
                 2               805              -0.6         -0.477168        0.00435528
                 2               806             -0.68         -0.477419        0.00435714
                 2               807             -0.68          -0.47767        0.00435897
                 2               808             -0.44         -0.477624        0.00435382
                 2               809             -0.44         -0.477577        0.00434869
                 2               810             -0.52          -0.47763        0.00434363
                 2               811             -0.68         -0.477879        0.00434544
                 2               812             -0.52         -0.477931         0.0043404
                 2               813             -0.44         -0.477884        0.00433531
                 2               814             -0.52         -0.477936        0.00433029
                 2               815              -0.6         -0.478086        0.00432756
                 2               816             -0.44         -0.478039        0.00432251
                 2               817             -0.44         -0.477993        0.00431747
                 2               818             -0.36         -0.477848         0.0043146
                 2               819             -0.44         -0.477802        0.00430957
                 2               820             -0.44         -0.477756        0.00430456
                 2               821             -0.28         -0.477515        0.00430606
                 2               822             -0.44          -0.47747        0.00430106
                 2               823             -0.52         -0.477521        0.00429614
                 2               824             -0.28         -0.477282        0.00429761
                 2               825             -0.52         -0.477333        0.00429271
                 2               826             -0.36         -0.477191        0.00428986
                 2               827             -0.52         -0.477243        0.00428499
                 2               828             -0.36         -0.477101        0.00428215
                 2               829             -0.36          -0.47696        0.00427931
                 2               830             -0.28         -0.476723        0.00428074
                 2               831             -0.44         -0.476679        0.00427581
                 2               832             -0.44         -0.476635         0.0042709
                 2               833             -0.52         -0.476687        0.00426608
                 2               834             -0.52         -0.476739        0.00426128
                 2               835             -0.36         -0.476599        0.00425847
                 2               836              -0.6         -0.476746        0.00425594
                 2               837             -0.44         -0.476703        0.00425107
                 2               838             -0.36         -0.476563        0.00424828
                 2               839             -0.36         -0.476424        0.00424549
                 2               840              -0.6         -0.476571        0.00424298
                 2               841             -0.28         -0.476338        0.00424438
                 2               842             -0.36           -0.4762        0.00424158
                 2               843             -0.44         -0.476157        0.00423677
                 2               844             -0.28         -0.475924        0.00423812
                 2               845             -0.52         -0.475976        0.00423342
                 2               846             -0.44         -0.475934        0.00422863
                 2               847              -0.6          -0.47608        0.00422617
                 2               848              -0.6         -0.476226        0.00422372
                 2               849             -0.36          -0.47609        0.00422096
                 2               850             -0.44         -0.476047         0.0042162
                 2               851             -0.28         -0.475817        0.00421754
                 2               852             -0.44         -0.475775         0.0042128
                 2               853             -0.36         -0.475639        0.00421005
                 2               854             -0.52         -0.475691        0.00420543
                 2               855             -0.52         -0.475743        0.00420083
                 2               856             -0.52         -0.475794        0.00419624
                 2               857             -0.52         -0.475846        0.00419166
                 2               858             -0.52         -0.475897        0.00418709
                 2               859             -0.52         -0.475949        0.00418252
                 2               860             -0.36         -0.475814        0.00417983
                 2               861             -0.44         -0.475772        0.00417518
                 2               862             -0.36         -0.475638         0.0041725
                 2               863             -0.28         -0.475411        0.00417382
                 2               864             -0.52         -0.475463        0.00416931
                 2               865             -0.52         -0.475514         0.0041648
                 2               866              -0.6         -0.475658        0.00416247
                 2               867              -0.6         -0.475802        0.00416014
                 2               868             -0.52         -0.475853        0.00415566
                 2               869             -0.36         -0.475719        0.00415301
                 2               870             -0.76         -0.476046        0.00416109
                 2               871             -0.36         -0.475913        0.00415844
                 2               872             -0.44         -0.475872        0.00415388
                 2               873             -0.68         -0.476105         0.0041557
                 2               874             -0.36         -0.475973        0.00415307
                 2               875             -0.12         -0.475566        0.00416822
                 2               876             -0.44         -0.475525        0.00416365
                 2               877             -0.28         -0.475302        0.00416488
                 2               878             -0.44         -0.475262        0.00416032
                 2               879             -0.36         -0.475131        0.00415766
                 2               880             -0.36            -0.475        0.00415499
                 2               881             -0.36         -0.474869        0.00415232
                 2               882             -0.44          -0.47483         0.0041478
                 2               883              -0.6         -0.474972        0.00414552
                 2               884              -0.6         -0.475113        0.00414325
                 2               885             -0.44         -0.475073        0.00413875
                 2               886             -0.44         -0.475034        0.00413427
                 2               887              -0.6         -0.475175        0.00413201
                 2               888              -0.6         -0.475315        0.00412975
                 2               889              -0.6         -0.475456        0.00412748
                 2               890              -0.6         -0.475596        0.00412521
                 2               891             -0.68         -0.475825        0.00412696
                 2               892             -0.52         -0.475874        0.00412263
                 2               893             -0.36         -0.475745        0.00412006
                 2               894             -0.52         -0.475794        0.00411574
                 2               895             -0.28         -0.475575        0.00411696
                 2               896              -0.6         -0.475714         0.0041147
                 2               897             -0.44         -0.475674        0.00411031
                 2               898             -0.44         -0.475635        0.00410592
                 2               899              -0.6         -0.475773        0.00410368
                 2               900             -0.68            -0.476         0.0041054
                 2               901             -0.44          -0.47596        0.00410103
                 2               902             -0.52         -0.476009        0.00409677
                 2               903             -0.36          -0.47588        0.00409425
                 2               904             -0.36         -0.475752        0.00409173
                 2               905             -0.36         -0.475624         0.0040892
                 2               906             -0.36         -0.475497        0.00408668
                 2               907             -0.36         -0.475369        0.00408416
                 2               908             -0.68         -0.475595        0.00408588
                 2               909             -0.52         -0.475644        0.00408167
                 2               910             -0.44         -0.475604        0.00407737
                 2               911             -0.28          -0.47539        0.00407855
                 2               912             -0.28         -0.475175        0.00407971
                 2               913             -0.36         -0.475049        0.00407719
                 2               914             -0.44         -0.475011         0.0040729
                 2               915             -0.28         -0.474798        0.00407403
                 2               916             -0.44          -0.47476        0.00406976
                 2               917              -0.6         -0.474896        0.00406761
                 2               918             -0.68          -0.47512        0.00406931
                 2               919              -0.6         -0.475256        0.00406716
                 2               920             -0.36          -0.47513        0.00406466
                 2               921             -0.28         -0.474919        0.00406577
                 2               922              -0.2          -0.47462        0.00407229
                 2               923             -0.28          -0.47441        0.00407334
                 2               924             -0.36         -0.474286        0.00407081
                 2               925             -0.52         -0.474335        0.00406671
                 2               926              -0.2         -0.474039         0.0040731
                 2               927             -0.28          -0.47383        0.00407409
                 2               928             -0.44         -0.473793        0.00406986
                 2               929             -0.36         -0.473671        0.00406732
                 2               930             -0.44         -0.473634         0.0040631
                 2               931             -0.44         -0.473598         0.0040589
                 2               932             -0.36         -0.473476        0.00405637
                 2               933             -0.52         -0.473526        0.00405233
                 2               934             -0.76         -0.473833        0.00405959
                 2               935             -0.68         -0.474053        0.00406124
                 2               936             -0.36         -0.473932        0.00405873
                 2               937              -0.6         -0.474066        0.00405662
                 2               938              -0.6           -0.4742        0.00405452
                 2               939             -0.52         -0.474249        0.00405049
                 2               940              -0.6         -0.474383        0.00404839
                 2               941             -0.52         -0.474431        0.00404438
                 2               942             -0.76         -0.474735        0.00405144
                 2               943             -0.68         -0.474952        0.00405299
                 2               944             -0.76         -0.475254        0.00405994
                 2               945              -0.6         -0.475386        0.00405779
                 2               946             -0.68         -0.475603        0.00405926
                 2               947             -0.68         -0.475818        0.00406072
                 2               948             -0.28         -0.475612        0.00406169
                 2               949             -0.36          -0.47549        0.00405923
                 2               950              -0.6         -0.475621        0.00405707
                 2               951              -0.6         -0.475752        0.00405492
                 2               952             -0.44         -0.475714        0.00405083
                 2               953             -0.36         -0.475593         0.0040484
                 2               954             -0.44         -0.475556        0.00404432
                 2               955             -0.44         -0.475518        0.00404026
                 2               956             -0.52         -0.475565         0.0040363
                 2               957             -0.52         -0.475611        0.00403235
                 2               958             -0.44         -0.475574        0.00402831
                 2               959             -0.52          -0.47562        0.00402437
                 2               960             -0.36           -0.4755        0.00402198
                 2               961             -0.44         -0.475463        0.00401796
                 2               962              -0.2         -0.475177        0.00402398
                 2               963             -0.44          -0.47514        0.00401997
                 2               964             -0.28         -0.474938        0.00402089
                 2               965              -0.6         -0.475067        0.00401882
                 2               966             -0.28         -0.474865        0.00401973
                 2               967             -0.52         -0.474912        0.00401584
                 2               968             -0.44         -0.474876        0.00401185
                 2               969             -0.52         -0.474923        0.00400798
                 2               970              -0.6         -0.475052        0.00400592
                 2               971             -0.76         -0.475345        0.00401254
                 2               972             -0.68         -0.475556        0.00401394
                 2               973             -0.36         -0.475437        0.00401157
                 2               974             -0.36         -0.475318         0.0040092
                 2               975             -0.52         -0.475364        0.00400535
                 2               976             -0.52          -0.47541         0.0040015
                 2               977             -0.36         -0.475292        0.00399915
                 2               978             -0.52         -0.475337        0.00399532
                 2               979             -0.36          -0.47522        0.00399297
                 2               980             -0.28          -0.47502        0.00399387
                 2               981             -0.36         -0.474903        0.00399152
                 2               982             -0.44         -0.474868        0.00398761
                 2               983             -0.44         -0.474832        0.00398371
                 2               984             -0.52         -0.474878        0.00397992
                 2               985             -0.36         -0.474761        0.00397759
                 2               986             -0.36         -0.474645        0.00397526
                 2               987              -0.6         -0.474772        0.00397326
                 2               988             -0.28         -0.474575        0.00397413
                 2               989             -0.28         -0.474378        0.00397498
                 2               990             -0.44         -0.474343        0.00397111
                 2               991             -0.36         -0.474228        0.00396878
                 2               992             -0.44         -0.474194        0.00396493
                 2               993              -0.6          -0.47432        0.00396296
                 2               994             -0.68         -0.474527        0.00396438
                 2               995             -0.28         -0.474332        0.00396521
                 2               996             -0.28         -0.474137        0.00396603
                 2               997             -0.28         -0.473942        0.00396683
                 2               998             -0.52         -0.473988        0.00396313
                 2               999             -0.52         -0.474034        0.00395942
                 2              1000             -0.28          -0.47384        0.00396022
