                 2               100           0.02432         0.0296748         0.0018644
              1.99               100           0.02412          0.029516        0.00188585
              1.98               100           0.02444         0.0294756        0.00190958
              1.97               100           0.02492         0.0298024        0.00197044
              1.96               100           0.02516         0.0304892        0.00201053
              1.95               100           0.02384         0.0307784        0.00201995
              1.94               100            0.0178         0.0307028        0.00208582
              1.93               100           0.01772         0.0313896        0.00212165
              1.92               100           0.01904         0.0318276        0.00216916
              1.91               100           0.01656         0.0321312        0.00219959
               1.9               100            0.0152          0.032778        0.00221798
              1.89               100            0.0156         0.0333076        0.00223323
              1.88               100           0.01676         0.0334656        0.00219307
              1.87               100           0.01548          0.033884        0.00223206
              1.86               100           0.01444         0.0336632         0.0022442
              1.85               100           0.01476          0.033996        0.00226916
              1.84               100            0.0138         0.0342764        0.00228223
              1.83               100           0.01036         0.0348312        0.00228538
              1.82               100           0.01012         0.0357232        0.00231542
              1.81               100           0.01676         0.0358404        0.00230421
               1.8               100           0.01116         0.0364948        0.00232791
              1.79               100           0.01032         0.0369628        0.00235176
              1.78               100           0.00848         0.0371428        0.00233909
              1.77               100           0.00556           0.03695        0.00238007
              1.76               100           0.00576         0.0372168        0.00243968
              1.75               100            0.0076         0.0379888        0.00246548
              1.74               100            0.0084          0.039524        0.00250174
              1.73               100           0.01224         0.0396792         0.0024788
              1.72               100           0.01368         0.0402192        0.00245685
              1.71               100            0.0132         0.0412496        0.00250315
               1.7               100           0.01036          0.041412        0.00250348
              1.69               100            0.0092         0.0416064         0.0024958
              1.68               100            0.0088         0.0419732        0.00248211
              1.67               100           0.01056         0.0421516        0.00245155
              1.66               100             0.007         0.0425364        0.00245524
              1.65               100           0.00716         0.0431548          0.002486
              1.64               100           0.00492         0.0435924        0.00255263
              1.63               100           0.00488         0.0437996        0.00259527
              1.62               100           0.00404         0.0446376        0.00268395
              1.61               100           0.00492          0.045566         0.0027366
               1.6               100            0.0058           0.04628         0.0027425
              1.59               100           0.00864          0.046604        0.00278268
              1.58               100           0.01064         0.0480488        0.00280326
              1.57               100           0.01068         0.0497836        0.00279882
              1.56               100           0.00488         0.0502136        0.00277798
              1.55               100           0.00648         0.0511228        0.00283169
              1.54               100           0.01148         0.0522904        0.00285459
              1.53               100            0.0124         0.0528636        0.00296693
              1.52               100           0.01592         0.0539816        0.00294071
              1.51               100           0.00656         0.0539232        0.00290547
               1.5               100           0.00488         0.0551192        0.00303306
              1.49               100           0.00824         0.0568788        0.00313246
              1.48               100           0.00984          0.057848        0.00311488
              1.47               100           0.01592           0.05815        0.00319961
              1.46               100           0.02204         0.0590244        0.00329634
              1.45               100           0.02432         0.0603724        0.00335494
              1.44               100           0.02732           0.06053        0.00339869
              1.43               100           0.03516           0.06085        0.00354944
              1.42               100            0.0404         0.0606076        0.00362077
              1.41               100            0.0354         0.0619272         0.0037976
               1.4               100           0.03864         0.0639092         0.0039077
              1.39               100            0.0384         0.0640032         0.0039568
              1.38               100           0.03472          0.064704        0.00406921
              1.37               100           0.03456         0.0661512        0.00413459
              1.36               100           0.03484         0.0683208        0.00433274
              1.35               100           0.03236         0.0694892        0.00450375
              1.34               100           0.03524         0.0709108        0.00454586
              1.33               100           0.04528         0.0719536        0.00469265
              1.32               100           0.03944         0.0718924        0.00483845
              1.31               100              0.04          0.073278        0.00494005
               1.3               100             0.032         0.0734776         0.0050787
              1.29               100           0.02744         0.0764808         0.0049978
              1.28               100           0.02368         0.0779324        0.00497518
              1.27               100           0.01068         0.0796344        0.00513648
              1.26               100           0.01112          0.079362        0.00526891
              1.25               100            0.0182           0.08027         0.0052648
              1.24               100            0.0154         0.0807388        0.00536106
              1.23               100           0.02644         0.0823484        0.00553629
              1.22               100           0.02556          0.083454        0.00561671
              1.21               100            0.0262         0.0853548        0.00577706
               1.2               100           0.02612         0.0874312        0.00581971
              1.19               100           0.02964          0.089016         0.0059166
              1.18               100           0.01552          0.091226        0.00601208
              1.17               100            0.0142          0.092888        0.00616901
              1.16               100           0.02768         0.0954384        0.00617866
              1.15               100            0.0416         0.0974108        0.00625401
              1.14               100           0.06032          0.101839        0.00621177
              1.13               100           0.07328          0.102828        0.00648213
              1.12               100            0.0722          0.104766        0.00679793
              1.11               100            0.0818          0.107811        0.00720883
               1.1               100            0.0838          0.108452        0.00727359
              1.09               100            0.0868          0.108481        0.00740046
              1.08               100           0.05788          0.111624        0.00761072
              1.07               100           0.06428          0.115631         0.0079622
              1.06               100           0.07812          0.120896        0.00821527
              1.05               100           0.08372          0.122793        0.00831831
              1.04               100           0.09108          0.127164         0.0082617
              1.03               100           0.09128           0.12811        0.00814089
              1.02               100           0.11408           0.13102        0.00802988
              1.01               100           0.13428          0.133034        0.00778516
                 1               100             0.103          0.138359        0.00794914
              0.99               100           0.08848           0.14024        0.00813154
              0.98               100            0.1424          0.144991        0.00846955
              0.97               100            0.1464          0.147207        0.00859992
              0.96               100             0.103          0.148024         0.0089577
              0.95               100           0.08948           0.15442        0.00938976
              0.94               100           0.05748          0.162019        0.00992688
              0.93               100           0.05276          0.165796         0.0102242
              0.92               100           0.02024            0.1743         0.0101614
              0.91               100           0.01144          0.182911         0.0110529
               0.9               100           0.01328          0.186845         0.0109924
              0.89               100            0.0356           0.19475         0.0115094
              0.88               100          -0.01172           0.19435         0.0120091
              0.87               100           -0.0062          0.202755         0.0129123
              0.86               100           0.02416           0.20989         0.0131278
              0.85               100           0.00932          0.218848         0.0140524
              0.84               100          -0.01216          0.226007          0.014853
              0.83               100          -0.06148          0.245398         0.0160538
              0.82               100           0.02016           0.25866         0.0172946
              0.81               100           0.25096          0.264734         0.0172328
               0.8               100           0.25492          0.276668         0.0172533
              0.79               100           0.34196          0.288263         0.0176227
              0.78               100           0.33904           0.29578         0.0187481
              0.77               100           0.44284           0.31153         0.0183372
              0.76               100           0.52192          0.314228         0.0181805
              0.75               100           0.50204          0.326613         0.0204569
              0.74               100             0.503          0.349367         0.0220083
              0.73               100           0.45108          0.366339         0.0228077
              0.72               100           0.45504          0.388772         0.0228284
              0.71               100           0.63596          0.399104         0.0249287
               0.7               100           0.54632          0.413889         0.0254165
              0.69               100           0.44988          0.426648          0.025204
              0.68               100           0.73116           0.44886         0.0261332
              0.67               100           0.78752          0.472326         0.0276624
              0.66               100           0.81888          0.493698         0.0288121
              0.65               100           0.82136          0.535338         0.0279868
              0.64               100           0.82452          0.536565         0.0289846
              0.63               100            0.8308          0.558127         0.0299337
              0.62               100           0.85692          0.588048         0.0291292
              0.61               100           0.85484          0.617222         0.0281785
               0.6               100           0.85488          0.634253         0.0308931
              0.59               100            0.8876          0.654805         0.0323047
              0.58               100            0.8882          0.684832         0.0308155
              0.57               100            0.8884          0.702495         0.0344009
              0.56               100           0.90616          0.753648         0.0285918
              0.55               100           0.90708          0.783578         0.0274545
              0.54               100           0.90716          0.800252         0.0286121
              0.53               100             0.909          0.855516         0.0232524
              0.52               100           0.90928          0.886804         0.0180318
              0.51               100           0.90936           0.92929          0.010595
