           1    -7.10572    -7.10572           0
           2    -7.11024    -7.10798   0.0015985
           3    -7.08975     -7.1019  0.00507546
           4    -7.08864    -7.09859  0.00476778
           5    -7.10984    -7.10084  0.00431319
           6    -7.11367    -7.10298  0.00409061
           7    -7.06965    -7.09822  0.00563194
           8    -7.06697    -7.09431  0.00613463
           9     -7.0836    -7.09312  0.00556731
          10    -7.05413    -7.08922  0.00622823
          11    -7.10343    -7.09051  0.00579439
          12    -7.06493    -7.08838  0.00569019
          13    -7.08508    -7.08813  0.00525815
          14    -7.09115    -7.08834  0.00488701
          15    -7.09014    -7.08846  0.00456268
          16    -7.08743     -7.0884  0.00427797
          17    -7.08399    -7.08814  0.00403419
          18    -7.06803    -7.08702  0.00396167
          19    -7.09735    -7.08757  0.00379024
          20       -7.08    -7.08719  0.00361957
          21    -7.07654    -7.08668  0.00348253
          22    -7.06092    -7.08551  0.00351558
          23     -7.0964    -7.08598  0.00339443
          24    -7.09691    -7.08644  0.00328337
          25    -7.08815    -7.08651  0.00315275
          26    -7.07403    -7.08603  0.00306782
          27     -7.0786    -7.08575  0.00296649
          28    -7.06702    -7.08508  0.00293497
          29    -7.07587    -7.08477  0.00285092
          30    -7.11616    -7.08581  0.00294168
          31    -7.09025    -7.08595  0.00285027
          32    -7.09387     -7.0862  0.00277192
          33    -7.07993    -7.08601  0.00269442
          34     -7.0779    -7.08577  0.00262572
          35    -7.09308    -7.08598  0.00255898
          36    -7.10333    -7.08646  0.00253287
          37    -7.09596    -7.08672   0.0024774
          38    -7.10392    -7.08717  0.00245319
          39    -7.07951    -7.08698  0.00239815
          40    -7.10125    -7.08733  0.00236459
          41    -7.06754    -7.08685  0.00235569
          42    -7.08148    -7.08672  0.00230307
          43    -7.08904    -7.08678  0.00225014
          44      -7.096    -7.08699  0.00220873
          45    -7.08599    -7.08696  0.00215976
          46    -7.08877      -7.087  0.00211317
          47    -7.07899    -7.08683  0.00207508
          48    -7.07387    -7.08656  0.00204935
          49    -7.08323    -7.08649  0.00200865
          50    -7.08603    -7.08649   0.0019685
          51    -7.09161    -7.08659  0.00193247
          52    -7.08684    -7.08659  0.00189531
          53    -7.07338    -7.08634  0.00187588
          54    -7.08518    -7.08632  0.00184126
          55    -7.08061    -7.08622  0.00181071
          56    -7.06383    -7.08582  0.00182197
          57     -7.0925    -7.08593  0.00179377
          58    -7.08723    -7.08596  0.00176298
          59    -7.08526    -7.08594  0.00173314
          60    -7.09094    -7.08603  0.00170626
          61    -7.10991    -7.08642  0.00172261
          62    -7.10661    -7.08674  0.00172532
          63    -7.07582    -7.08657  0.00170663
          64    -7.06633    -7.08625  0.00170903
          65    -7.10526    -7.08655  0.00170756
          66    -7.10121    -7.08677  0.00169608
          67    -7.07582    -7.08661  0.00167862
          68    -7.07295    -7.08641   0.0016659
          69     -7.1144    -7.08681  0.00169044
          70    -7.08878    -7.08684  0.00166652
          71    -7.07698     -7.0867  0.00164883
          72    -7.05557    -7.08627  0.00168165
          73    -7.08994    -7.08632  0.00165937
          74    -7.07795    -7.08621  0.00164079
          75     -7.0996    -7.08638  0.00162861
          76    -7.07409    -7.08622  0.00161519
          77    -7.08211    -7.08617   0.0015951
          78    -7.10672    -7.08643  0.00159626
          79      -7.074    -7.08627   0.0015838
          80     -7.0648    -7.08601  0.00158659
          81    -7.07084    -7.08582  0.00157801
          82    -7.11169    -7.08613  0.00158998
          83    -7.09503    -7.08624  0.00157443
          84    -7.08328    -7.08621  0.00155608
          85    -7.06439    -7.08595  0.00155879
          86    -7.09253    -7.08603  0.00154254
          87    -7.09807    -7.08616  0.00153101
          88    -7.07861    -7.08608  0.00151602
          89    -7.08391    -7.08605  0.00149918
          90    -7.07345    -7.08591  0.00148905
          91    -7.09826    -7.08605  0.00147886
          92    -7.07252     -7.0859  0.00147008
          93    -7.07044    -7.08574  0.00146364
          94    -7.08694    -7.08575  0.00144813
          95    -7.07929    -7.08568  0.00143448
          96    -7.09517    -7.08578  0.00142294
          97    -7.08505    -7.08577  0.00140829
          98    -7.08321    -7.08575  0.00139416
          99    -7.10618    -7.08595  0.00139527
         100    -7.09384    -7.08603  0.00138355
