           1    -8.51814
           2    -8.30685
           3    -8.21568
           4    -8.17255
           5    -8.03838
           6    -7.99024
           7    -7.95793
           8    -7.98217
           9    -7.99435
          10    -7.91339
          11    -7.86782
          12    -7.81676
          13    -7.83653
          14    -7.84936
          15    -7.78228
          16    -7.72527
          17    -7.73812
          18    -7.81409
          19    -7.79931
          20    -7.75561
          21    -7.73043
          22    -7.69497
          23    -7.71515
          24    -7.77684
          25    -7.70239
          26    -7.65539
          27    -7.64468
          28    -7.69192
          29    -7.61102
          30    -7.56965
          31    -7.55265
          32     -7.5552
          33    -7.59229
          34    -7.56962
          35    -7.49087
          36    -7.44799
          37    -7.49311
          38    -7.42888
          39    -7.32814
          40    -7.38389
          41    -7.39641
          42    -7.34327
          43    -7.39712
          44    -7.42283
          45    -7.45769
          46     -7.3893
          47    -7.42464
          48    -7.45338
          49    -7.47791
          50    -7.43251
          51    -7.52171
          52    -7.55855
          53     -7.5507
          54    -7.57796
          55    -7.58357
          56    -7.55394
          57    -7.61976
          58    -7.62762
          59    -7.59506
          60    -7.63014
          61    -7.60066
          62    -7.65154
          63     -7.6944
          64    -7.70134
          65    -7.67583
          66    -7.70472
          67     -7.5639
          68    -7.51786
          69    -7.52627
          70    -7.53128
          71    -7.50951
          72    -7.53017
          73    -7.50783
          74    -7.46038
          75    -7.45113
          76      -7.454
          77    -7.49062
          78    -7.50233
          79    -7.61545
          80    -7.56353
          81    -7.62612
          82    -7.72291
          83    -7.61145
          84    -7.65655
          85     -7.6107
          86    -7.58144
          87    -7.56568
          88    -7.55117
          89    -7.65757
          90    -7.54272
          91    -7.44086
          92    -7.46201
          93    -7.52353
          94    -7.44869
          95    -7.53116
          96    -7.52873
          97    -7.55923
          98    -7.56897
          99    -7.52859
         100    -7.52825
         101    -7.47963
         102    -7.49663
         103     -7.4903
         104    -7.49836
         105    -7.54361
         106    -7.53356
         107    -7.55198
         108    -7.65427
         109    -7.60266
         110    -7.59231
         111    -7.55309
         112    -7.49995
         113    -7.43648
         114    -7.43794
         115    -7.46693
         116    -7.48737
         117    -7.49677
         118    -7.43144
         119    -7.35911
         120    -7.31843
         121    -7.43081
         122    -7.45134
         123    -7.50018
         124    -7.53347
         125     -7.6164
         126    -7.59431
         127    -7.51184
         128    -7.55877
         129    -7.50498
         130    -7.34939
         131    -7.34004
         132    -7.32267
         133    -7.34919
         134    -7.35332
         135    -7.41108
         136    -7.48542
         137    -7.39732
         138    -7.39917
         139    -7.51186
         140    -7.54279
         141     -7.5797
         142      -7.479
         143    -7.65266
         144    -7.69933
         145    -7.68391
         146    -7.64931
         147    -7.67261
         148    -7.74064
         149    -7.68482
         150    -7.68567
         151    -7.70817
         152    -7.67228
         153    -7.66913
         154    -7.60761
         155    -7.49158
         156    -7.51077
         157    -7.60178
         158    -7.58034
         159    -7.60908
         160    -7.61586
         161    -7.61815
         162    -7.61077
         163    -7.64029
         164    -7.57077
         165    -7.64646
         166    -7.63056
         167    -7.63655
         168    -7.61557
         169    -7.64922
         170    -7.65727
         171    -7.64349
         172    -7.64403
         173    -7.58807
         174    -7.62286
         175    -7.55903
         176    -7.58002
         177    -7.59922
         178    -7.61327
         179    -7.68687
         180     -7.6696
         181    -7.67008
         182     -7.6327
         183    -7.62669
         184    -7.63846
         185     -7.6421
         186    -7.72542
         187    -7.73602
         188    -7.64881
         189    -7.59861
         190    -7.63623
         191    -7.55605
         192    -7.60927
         193    -7.53002
         194    -7.53327
         195    -7.54528
         196    -7.54559
         197    -7.55522
         198    -7.51363
         199    -7.50858
         200    -7.47291
         201    -7.46781
         202    -7.46761
         203    -7.46445
         204    -7.47765
         205    -7.38134
         206     -7.4414
         207     -7.5827
         208    -7.59847
         209    -7.50453
         210    -7.56991
         211    -7.61513
         212    -7.63359
         213    -7.67292
         214    -7.67825
         215    -7.59675
         216    -7.60567
         217     -7.6205
         218    -7.64668
         219    -7.64824
         220    -7.73386
         221    -7.64831
         222     -7.7178
         223    -7.65986
         224    -7.69533
         225    -7.72557
         226    -7.67454
         227    -7.66056
         228    -7.60312
         229      -7.634
         230    -7.59908
         231    -7.51467
         232    -7.56718
         233    -7.57281
         234    -7.55666
         235    -7.55445
         236    -7.64234
         237    -7.63883
         238    -7.63161
         239    -7.68056
         240    -7.75879
         241    -7.67071
         242    -7.65651
         243    -7.70434
         244    -7.72068
         245    -7.66367
         246    -7.68269
         247    -7.61459
         248    -7.58662
         249    -7.51841
         250    -7.56905
         251    -7.61343
         252     -7.5943
         253    -7.56118
         254    -7.47346
         255     -7.4406
         256    -7.40662
         257    -7.39582
         258    -7.35285
         259    -7.38153
         260    -7.43466
         261    -7.51674
         262     -7.5308
         263    -7.43041
         264    -7.51032
         265    -7.44438
         266    -7.39607
         267    -7.47748
         268    -7.51808
         269    -7.50757
         270    -7.59415
         271    -7.55422
         272    -7.53574
         273    -7.59603
         274    -7.58429
         275     -7.6177
         276    -7.71189
         277    -7.69675
         278    -7.67708
         279    -7.66588
         280    -7.63473
         281    -7.60467
         282    -7.63215
         283    -7.61135
         284    -7.59626
         285    -7.61597
         286     -7.5214
         287    -7.57977
         288    -7.50171
         289    -7.46348
         290    -7.45541
         291    -7.53092
         292    -7.65815
         293    -7.62326
         294    -7.65427
         295    -7.56667
         296    -7.56349
         297    -7.59071
         298    -7.57745
         299    -7.50877
         300    -7.56647
         301    -7.61075
         302    -7.54855
         303    -7.59899
         304    -7.70434
         305    -7.63683
         306    -7.62935
         307    -7.54313
         308    -7.48564
         309    -7.55553
         310    -7.55902
         311    -7.58203
         312    -7.52837
         313    -7.55991
         314     -7.4456
         315    -7.50319
         316    -7.61075
         317    -7.66048
         318    -7.65375
         319    -7.59377
         320     -7.5901
         321     -7.5358
         322    -7.47596
         323    -7.56537
         324    -7.58151
         325    -7.57847
         326    -7.59446
         327    -7.61987
         328    -7.51156
         329    -7.46283
         330    -7.47268
         331    -7.57422
         332    -7.59091
         333    -7.58171
         334    -7.59191
         335    -7.55741
         336    -7.58079
         337    -7.55704
         338     -7.6237
         339    -7.57799
         340    -7.57526
         341    -7.56531
         342    -7.56142
         343    -7.62165
         344    -7.60808
         345    -7.66909
         346    -7.56854
         347    -7.63326
         348     -7.5593
         349    -7.52409
         350     -7.5341
         351    -7.56196
         352    -7.54941
         353    -7.49267
         354    -7.46362
         355    -7.47388
         356    -7.40741
         357    -7.48494
         358    -7.49377
         359    -7.54273
         360    -7.60717
         361    -7.60224
         362    -7.54428
         363    -7.44773
         364     -7.4317
         365    -7.39884
         366    -7.43527
         367    -7.47621
         368    -7.45974
         369    -7.43364
         370     -7.4106
         371    -7.43448
         372    -7.44095
         373    -7.45947
         374    -7.43928
         375     -7.3814
         376    -7.38407
         377    -7.42913
         378    -7.38457
         379    -7.38412
         380    -7.42153
         381    -7.46712
         382    -7.47225
         383    -7.42721
         384    -7.44158
         385    -7.39325
         386    -7.35642
         387    -7.34217
         388    -7.38446
         389    -7.43944
         390    -7.40874
         391    -7.39441
         392    -7.32066
         393    -7.24725
         394    -7.26235
         395    -7.33828
         396    -7.38127
         397    -7.43932
         398    -7.43392
         399    -7.42343
         400    -7.43607
         401    -7.43823
         402    -7.44745
         403    -7.41399
         404    -7.42893
         405    -7.39548
         406    -7.48854
         407    -7.45455
         408    -7.46476
         409    -7.49885
         410    -7.51122
         411    -7.57721
         412    -7.55678
         413    -7.53207
         414    -7.51211
         415    -7.48424
         416    -7.47871
         417    -7.51869
         418    -7.53758
         419    -7.49102
         420    -7.48328
         421    -7.52577
         422    -7.58688
         423    -7.63641
         424    -7.59824
         425      -7.608
         426    -7.63986
         427    -7.64683
         428     -7.5923
         429    -7.63823
         430    -7.70102
         431    -7.67093
         432    -7.65727
         433    -7.71358
         434    -7.70243
         435    -7.72755
         436    -7.66083
         437    -7.64067
         438    -7.63539
         439    -7.63604
         440    -7.63599
         441    -7.58194
         442    -7.59019
         443    -7.59971
         444    -7.58848
         445    -7.55645
         446    -7.54832
         447    -7.61151
         448    -7.57298
         449    -7.59979
         450    -7.61827
         451    -7.54049
         452    -7.62424
         453    -7.64165
         454    -7.65462
         455    -7.64593
         456    -7.57391
         457    -7.64811
         458    -7.72251
         459    -7.71965
         460     -7.6633
         461    -7.66078
         462    -7.65434
         463    -7.64948
         464    -7.65763
         465    -7.65654
         466    -7.62632
         467    -7.61863
         468    -7.56965
         469    -7.65498
         470    -7.57759
         471    -7.56727
         472    -7.59394
         473    -7.64449
         474    -7.58381
         475    -7.64836
         476    -7.60477
         477    -7.60255
         478     -7.6058
         479    -7.66492
         480    -7.71809
         481    -7.68499
         482    -7.60283
         483    -7.58218
         484    -7.65799
         485    -7.74792
         486    -7.79224
         487     -7.7038
         488    -7.69129
         489    -7.66989
         490    -7.69685
         491    -7.58385
         492    -7.56742
         493    -7.52722
         494    -7.53315
         495    -7.57551
         496    -7.62707
         497    -7.61079
         498    -7.60895
         499    -7.61913
         500    -7.62003
         501    -7.56854
         502    -7.57547
         503    -7.52215
         504    -7.53993
         505    -7.58942
         506     -7.5168
         507    -7.48401
         508    -7.46635
         509    -7.45374
         510    -7.41379
         511    -7.49936
         512    -7.55137
         513     -7.6127
         514    -7.59379
         515    -7.66996
         516    -7.66287
         517    -7.72205
         518    -7.67969
         519    -7.68965
         520    -7.71421
         521    -7.66153
         522    -7.63832
         523    -7.62648
         524    -7.56184
         525    -7.47213
         526    -7.58467
         527    -7.61303
         528    -7.65315
         529    -7.64005
         530    -7.59951
         531    -7.58407
         532    -7.64932
         533    -7.71256
         534    -7.60482
         535    -7.63615
         536    -7.63536
         537    -7.65972
         538    -7.66429
         539    -7.63715
         540    -7.63098
         541    -7.59611
         542    -7.64861
         543     -7.6016
         544    -7.71645
         545    -7.65937
         546    -7.60787
         547    -7.58546
         548    -7.50412
         549    -7.51203
         550    -7.57415
         551    -7.61662
         552    -7.62266
         553    -7.55898
         554    -7.60343
         555    -7.59686
         556     -7.5959
         557    -7.53592
         558    -7.55092
         559    -7.52631
         560     -7.5045
         561     -7.5178
         562    -7.52894
         563    -7.57027
         564    -7.56159
         565    -7.59182
         566    -7.60952
         567    -7.65991
         568     -7.6637
         569    -7.66841
         570    -7.70461
         571    -7.68444
         572    -7.71748
         573    -7.69267
         574    -7.66283
         575    -7.65567
         576    -7.66067
         577    -7.71191
         578    -7.67632
         579    -7.69761
         580     -7.6827
         581    -7.68403
         582    -7.68711
         583    -7.70075
         584    -7.67659
         585    -7.74271
         586    -7.70527
         587    -7.65012
         588    -7.57039
         589    -7.50038
         590    -7.51051
         591    -7.46595
         592    -7.52049
         593    -7.57533
         594     -7.5639
         595    -7.58328
         596    -7.51259
         597    -7.53026
         598    -7.54676
         599    -7.53099
         600    -7.54275
         601    -7.55663
         602    -7.44225
         603    -7.43991
         604     -7.4167
         605    -7.41476
         606    -7.47188
         607    -7.40888
         608    -7.42587
         609    -7.41905
         610    -7.41578
         611    -7.38072
         612    -7.28225
         613    -7.36458
         614    -7.36246
         615    -7.38464
         616    -7.37251
         617    -7.47152
         618    -7.42331
         619    -7.39843
         620    -7.45486
         621    -7.50818
         622    -7.50267
         623    -7.54666
         624    -7.54949
         625    -7.52338
         626    -7.54276
         627    -7.44801
         628    -7.53935
         629    -7.56011
         630    -7.54201
         631    -7.59775
         632    -7.59183
         633    -7.65367
         634    -7.61007
         635    -7.56134
         636    -7.57156
         637    -7.55898
         638    -7.56629
         639     -7.5647
         640    -7.56778
         641    -7.61208
         642    -7.54015
         643     -7.5223
         644    -7.48354
         645    -7.46771
         646    -7.44614
         647    -7.57332
         648    -7.54225
         649    -7.46367
         650    -7.46478
         651    -7.44252
         652    -7.45113
         653    -7.44462
         654    -7.42745
         655     -7.4677
         656    -7.47498
         657    -7.35214
         658    -7.35568
         659    -7.39302
         660    -7.38365
         661    -7.44877
         662    -7.52039
         663    -7.53953
         664    -7.52623
         665     -7.5589
         666    -7.53272
         667    -7.52638
         668    -7.55195
         669    -7.53572
         670    -7.55486
         671    -7.54349
         672    -7.52168
         673    -7.48824
         674    -7.47917
         675    -7.53427
         676    -7.51161
         677     -7.4925
         678      -7.554
         679    -7.54156
         680    -7.57478
         681    -7.52903
         682    -7.52455
         683    -7.44014
         684    -7.38747
         685    -7.43708
         686      -7.465
         687    -7.50181
         688    -7.63887
         689    -7.60375
         690     -7.5567
         691    -7.52658
         692    -7.50845
         693    -7.45723
         694    -7.46551
         695    -7.50547
         696     -7.6301
         697     -7.5159
         698    -7.60848
         699     -7.5793
         700    -7.55349
         701    -7.57616
         702    -7.59219
         703    -7.64893
         704    -7.66959
         705    -7.67097
         706      -7.631
         707    -7.61794
         708    -7.63256
         709    -7.55577
         710    -7.55889
         711    -7.61702
         712    -7.63988
         713    -7.52901
         714    -7.51969
         715    -7.57104
         716    -7.53848
         717    -7.52624
         718    -7.53997
         719    -7.57532
         720    -7.58951
         721     -7.5538
         722       -7.52
         723    -7.52821
         724    -7.49838
         725    -7.50902
         726    -7.57112
         727    -7.57541
         728    -7.56895
         729    -7.66021
         730    -7.56552
         731    -7.58181
         732    -7.60912
         733    -7.61475
         734    -7.62296
         735    -7.64275
         736    -7.63805
         737    -7.64748
         738    -7.55427
         739    -7.52044
         740    -7.51885
         741    -7.49788
         742    -7.52342
         743    -7.56599
         744    -7.58683
         745    -7.60393
         746    -7.62268
         747    -7.59066
         748    -7.59429
         749    -7.61845
         750    -7.65064
         751    -7.61656
         752    -7.63296
         753    -7.56833
         754    -7.54504
         755    -7.45867
         756    -7.52748
         757    -7.48611
         758    -7.50401
         759    -7.47046
         760    -7.58612
         761    -7.59152
         762    -7.71665
         763    -7.70183
         764    -7.75475
         765    -7.69549
         766    -7.75281
         767    -7.68852
         768    -7.68718
         769    -7.65199
         770    -7.63447
         771    -7.59664
         772    -7.46574
         773    -7.56303
         774    -7.60587
         775    -7.59972
         776    -7.60519
         777    -7.53237
         778    -7.60803
         779    -7.65598
         780    -7.69387
         781    -7.65123
         782    -7.63827
         783    -7.57477
         784    -7.59375
         785    -7.61475
         786    -7.55527
         787     -7.5194
         788    -7.49671
         789    -7.57147
         790    -7.60977
         791    -7.58139
         792    -7.64224
         793    -7.67686
         794    -7.60005
         795    -7.50495
         796    -7.50983
         797    -7.58347
         798    -7.48282
         799      -7.582
         800    -7.59895
         801    -7.56163
         802    -7.56506
         803    -7.52744
         804    -7.57651
         805    -7.63287
         806    -7.59213
         807     -7.5975
         808    -7.54166
         809    -7.50455
         810    -7.58054
         811    -7.62415
         812    -7.61263
         813    -7.67009
         814    -7.62487
         815    -7.56453
         816    -7.57575
         817    -7.57993
         818    -7.57541
         819      -7.591
         820     -7.5569
         821     -7.6076
         822    -7.57656
         823    -7.49834
         824    -7.60786
         825    -7.59686
         826    -7.60716
         827    -7.65785
         828    -7.62798
         829    -7.66396
         830    -7.59491
         831    -7.60449
         832    -7.53908
         833    -7.52501
         834    -7.51279
         835    -7.42651
         836    -7.40321
         837    -7.45775
         838    -7.44175
         839    -7.54872
         840    -7.56357
         841    -7.63093
         842    -7.59384
         843    -7.64814
         844      -7.627
         845    -7.59323
         846     -7.5935
         847    -7.58341
         848    -7.64164
         849    -7.65004
         850    -7.65309
         851    -7.65285
         852    -7.64728
         853    -7.69823
         854    -7.67529
         855    -7.65056
         856    -7.64952
         857    -7.67921
         858    -7.66598
         859    -7.59133
         860    -7.64452
         861    -7.59835
         862     -7.6149
         863    -7.63911
         864    -7.63859
         865    -7.62365
         866    -7.58255
         867    -7.65877
         868    -7.73253
         869    -7.76385
         870    -7.70663
         871    -7.68714
         872    -7.64175
         873    -7.63298
         874    -7.60529
         875    -7.53954
         876    -7.44594
         877    -7.48907
         878    -7.63449
         879    -7.62425
         880    -7.64335
         881    -7.57282
         882     -7.5174
         883    -7.51539
         884    -7.47914
         885    -7.43203
         886    -7.47595
         887    -7.60408
         888    -7.40923
         889    -7.42878
         890    -7.45988
         891    -7.53912
         892    -7.57124
         893    -7.58811
         894    -7.53696
         895    -7.51597
         896    -7.55652
         897    -7.51544
         898    -7.52288
         899    -7.53055
         900    -7.59452
         901    -7.60706
         902    -7.63875
         903    -7.67024
         904    -7.57582
         905     -7.6735
         906    -7.65563
         907    -7.64147
         908    -7.61315
         909    -7.65449
         910    -7.58477
         911    -7.53741
         912    -7.49919
         913     -7.5362
         914    -7.50633
         915    -7.51661
         916    -7.54412
         917    -7.58664
         918    -7.59269
         919    -7.61432
         920    -7.54533
         921    -7.60405
         922    -7.62361
         923    -7.55545
         924    -7.52935
         925    -7.52578
         926     -7.5246
         927    -7.46394
         928    -7.49592
         929    -7.44086
         930    -7.48427
         931    -7.54446
         932     -7.5949
         933    -7.60894
         934    -7.62552
         935    -7.57018
         936    -7.50988
         937    -7.49752
         938     -7.5059
         939    -7.51564
         940    -7.54991
         941    -7.47984
         942    -7.49648
         943    -7.41385
         944    -7.54592
         945    -7.59166
         946    -7.61755
         947     -7.6461
         948    -7.52323
         949    -7.49832
         950    -7.50237
         951    -7.50741
         952    -7.46017
         953    -7.45673
         954    -7.45927
         955    -7.50491
         956    -7.49661
         957    -7.48812
         958    -7.55417
         959    -7.60875
         960    -7.62304
         961    -7.63925
         962    -7.66502
         963    -7.72294
         964     -7.6764
         965    -7.60563
         966    -7.65413
         967    -7.50768
         968    -7.46187
         969     -7.5361
         970    -7.48416
         971    -7.52938
         972    -7.51875
         973    -7.56064
         974    -7.54126
         975    -7.48137
         976    -7.47955
         977     -7.5703
         978     -7.5404
         979    -7.54141
         980    -7.61212
         981    -7.60915
         982    -7.61552
         983      -7.556
         984    -7.59359
         985    -7.62405
         986    -7.66816
         987    -7.53588
         988     -7.5102
         989     -7.4916
         990    -7.56115
         991    -7.49594
         992    -7.55012
         993    -7.53523
         994    -7.53416
         995    -7.53588
         996    -7.54756
         997    -7.53605
         998    -7.55148
         999    -7.50696
        1000     -7.5126
