           1     3.89988     3.89988           0
           2     3.93416     3.91702   0.0121179
           3     3.98105     3.93836   0.0192072
           4     3.92159     3.93417   0.0148562
           5     3.94201     3.93574   0.0119675
           6     3.93446     3.93552  0.00997477
           7     3.89419     3.92962   0.0101478
           8     3.89107      3.9248  0.00995815
           9     3.93622     3.92607  0.00893218
          10     3.87466     3.92093   0.0094027
          11     3.94091     3.92274  0.00872155
          12     3.87537      3.9188  0.00884326
          13     3.94262     3.92063  0.00835081
          14     3.88613     3.91817  0.00810983
          15     3.91868      3.9182  0.00756924
          16      3.8985     3.91697  0.00719564
          17     3.92376     3.91737  0.00678345
          18      3.9169     3.91734  0.00640664
          19     3.92645     3.91782  0.00608735
          20     3.89261     3.91656  0.00591204
          21      3.9477     3.91804  0.00581347
          22     3.89417     3.91696  0.00564957
          23     3.91282     3.91678   0.0054068
          24     3.89476     3.91586  0.00525878
          25     3.92094     3.91606  0.00505235
          26      3.9211     3.91626  0.00486175
          27     3.88675     3.91516  0.00480299
          28     3.95749     3.91668  0.00486346
          29     3.92928     3.91711  0.00471514
          30     3.88174     3.91593  0.00470307
          31       3.921      3.9161   0.0045542
          32     3.89449     3.91542  0.00446163
          33     3.93288     3.91595  0.00435768
          34     3.90685     3.91568  0.00423772
          35     3.89951     3.91522  0.00414176
          36     3.90716       3.915  0.00403276
          37      3.9091     3.91484  0.00392691
          38     3.89558     3.91433  0.00385614
          39     3.92607     3.91463    0.003769
          40     3.87199     3.91356  0.00382257
          41     3.87575     3.91264  0.00383898
          42     3.95245     3.91359  0.00386282
          43      3.9106     3.91352  0.00377361
          44     3.97174     3.91484  0.00391292
          45     3.86202     3.91367  0.00399814
          46     3.94383     3.91433  0.00396462
          47     3.99957     3.91614  0.00427507
          48     3.83527     3.91445  0.00450579
          49     4.02078     3.91662  0.00490862
          50     3.82842     3.91486  0.00511762
          51     3.92564     3.91507  0.00502164
          52     3.94109     3.91557  0.00494994
          53     3.89753     3.91523  0.00486823
          54     3.91717     3.91527  0.00477821
          55     4.00239     3.91685  0.00494696
          56     3.93835     3.91724  0.00487349
          57     3.88046     3.91659  0.00483051
          58     3.96992     3.91751  0.00483394
          59     3.91863     3.91753  0.00475205
          60     3.93102     3.91775  0.00467816
          61     3.95114      3.9183  0.00463337
          62     3.93648     3.91859  0.00456791
          63     3.93661     3.91888  0.00450435
          64     3.90599     3.91868  0.00443847
          65     3.98007     3.91962  0.00446954
          66     3.95062     3.92009  0.00442643
          67     3.92591     3.92018  0.00436122
          68     3.89288     3.91978  0.00431553
          69      3.9435     3.92012  0.00426666
          70     3.87897     3.91953  0.00424601
          71     3.81453     3.91806  0.00443629
          72     3.93148     3.91824  0.00437859
          73     3.90947     3.91812  0.00432026
          74      4.0345     3.91969  0.00453913
          75     3.89547     3.91937  0.00449009
          76     3.90479     3.91918   0.0044351
          77     3.89031      3.9188  0.00439333
          78     3.93424       3.919  0.00434146
          79     3.89969     3.91876  0.00429337
          80     3.90848     3.91863  0.00424163
          81     3.95053     3.91902  0.00420751
          82     3.93933     3.91927  0.00416348
          83     3.89689       3.919  0.00412204
          84       3.879     3.91853  0.00410038
          85     3.91799     3.91852  0.00405215
          86     3.90603     3.91837  0.00400763
          87     3.92859     3.91849  0.00396328
          88     3.95594     3.91892  0.00394103
          89     3.88566     3.91854  0.00391442
          90     3.95096      3.9189  0.00388746
          91     3.88932     3.91858  0.00385831
          92     3.96856     3.91912  0.00385443
          93     3.91719      3.9191  0.00381304
          94      3.9084     3.91899  0.00377417
          95     3.89392     3.91872  0.00374366
          96     3.98025     3.91936  0.00375912
          97     3.89224     3.91908  0.00373075
          98     3.97804     3.91969  0.00374087
          99       3.852       3.919  0.00376505
         100     3.90306     3.91884  0.00373077
