         100           0           0           0
         100  0.00461329           0           0
         100  0.00922657           0           0
         100   0.0138399           0           0
         100   0.0184531           0           0
         100   0.0230664           0           0
         100   0.0276797           0           0
         100    0.032293           0           0
         100   0.0369063           0           0
         100   0.0415196           0           0
         100   0.0461329           0           0
         100   0.0507461           0           0
         100   0.0553594           0           0
         100   0.0599727           0           0
         100    0.064586           0           0
         100   0.0691993           0           0
         100   0.0738126           0           0
         100   0.0784259           0           0
         100   0.0830391           0           0
         100   0.0876524           0           0
         100   0.0922657           0           0
         100    0.096879           0           0
         100    0.101492           0           0
         100    0.106106           0           0
         100    0.110719           0           0
         100    0.115332           0           0
         100    0.119945           0           0
         100    0.124559           0           0
         100    0.129172           0           0
         100    0.133785           0           0
         100    0.138399           0           0
         100    0.143012           0           0
         100    0.147625           0           0
         100    0.152238           0           0
         100    0.156852           0           0
         100    0.161465           0           0
         100    0.166078           0           0
         100    0.170692           0           0
         100    0.175305           0           0
         100    0.179918           0           0
         100    0.184531           0           0
         100    0.189145           0           0
         100    0.193758           0           0
         100    0.198371           0           0
         100    0.202985           0           0
         100    0.207598           0           0
         100    0.212211           0           0
         100    0.216824           0           0
         100    0.221438           0           0
         100    0.226051           0           0
         100    0.230664           0           0
         100    0.235278           0           0
         100    0.239891           0           0
         100    0.244504           0           0
         100    0.249117           0           0
         100    0.253731           0           0
         100    0.258344           0           0
         100    0.262957           0           0
         100    0.267571           0           0
         100    0.272184           0           0
         100    0.276797           0           0
         100     0.28141           0           0
         100    0.286024           0           0
         100    0.290637           0           0
         100     0.29525           0           0
         100    0.299864           0           0
         100    0.304477           0           0
         100     0.30909           0           0
         100    0.313703           0           0
         100    0.318317           0           0
         100     0.32293           0           0
         100    0.327543           0           0
         100    0.332157           0           0
         100     0.33677           0           0
         100    0.341383           0           0
         100    0.345996           0           0
         100     0.35061           0           0
         100    0.355223           0           0
         100    0.359836           0           0
         100     0.36445           0           0
         100    0.369063           0           0
         100    0.373676           0           0
         100    0.378289           0           0
         100    0.382903           0           0
         100    0.387516           0           0
         100    0.392129           0           0
         100    0.396743           0           0
         100    0.401356           0           0
         100    0.405969           0           0
         100    0.410582           0           0
         100    0.415196           0           0
         100    0.419809           0           0
         100    0.424422           0           0
         100    0.429036           0           0
         100    0.433649           0           0
         100    0.438262           0           0
         100    0.442875           0           0
         100    0.447489           0           0
         100    0.452102           0           0
         100    0.456715           0           0
         100    0.461329           0           0
         100    0.465942           0           0
         100    0.470555           0           0
         100    0.475168           0           0
         100    0.479782           0           0
         100    0.484395           0           0
         100    0.489008           0           0
         100    0.493622           0           0
         100    0.498235           0           0
         100    0.502848           0           0
         100    0.507461           0           0
         100    0.512075           0           0
         100    0.516688           0           0
         100    0.521301           0           0
         100    0.525915           0           0
         100    0.530528           0           0
         100    0.535141           0           0
         100    0.539754           0           0
         100    0.544368           0           0
         100    0.548981           0           0
         100    0.553594           0           0
         100    0.558208           0           0
         100    0.562821           0           0
         100    0.567434           0           0
         100    0.572047           0           0
         100    0.576661           0           0
         100    0.581274           0           0
         100    0.585887           0           0
         100    0.590501           0           0
         100    0.595114           0           0
         100    0.599727           0           0
         100     0.60434           0           0
         100    0.608954           0           0
         100    0.613567           0           0
         100     0.61818           0           0
         100    0.622794           0           0
         100    0.627407           0           0
         100     0.63202           0           0
         100    0.636633           0           0
         100    0.641247           0           0
         100     0.64586           0           0
         100    0.650473           0           0
         100    0.655087           0           0
         100      0.6597           0           0
         100    0.664313           0           0
         100    0.668926           0           0
         100     0.67354           0           0
         100    0.678153           0           0
         100    0.682766           0           0
         100     0.68738           0           0
         100    0.691993           0           0
         100    0.696606           0           0
         100    0.701219           0           0
         100    0.705833           0           0
         100    0.710446           0           0
         100    0.715059           0           0
         100    0.719673           0           0
         100    0.724286           0           0
         100    0.728899           0           0
         100    0.733512           0           0
         100    0.738126           0           0
         100    0.742739           0           0
         100    0.747352           0           0
         100    0.751966           0           0
         100    0.756579           0           0
         100    0.761192           0           0
         100    0.765805           0           0
         100    0.770419           0           0
         100    0.775032           0           0
         100    0.779645           0           0
         100    0.784259           0           0
         100    0.788872           0           0
         100    0.793485           0           0
         100    0.798098           0           0
         100    0.802712           0           0
         100    0.807325           0           0
         100    0.811938           0           0
         100    0.816552           0           0
         100    0.821165           0           0
         100    0.825778           0           0
         100    0.830391           0           0
         100    0.835005           0           0
         100    0.839618           0           0
         100    0.844231           0           0
         100    0.848845           0           0
         100    0.853458           0           0
         100    0.858071           0           0
         100    0.862684           0           0
         100    0.867298 1.53606e-05 1.20461e-05
         100    0.871911 1.13992e-05 6.48186e-06
         100    0.876524 3.75995e-05 1.35567e-05
         100    0.881138 5.95325e-05 2.15163e-05
         100    0.885751 0.000257756  4.4033e-05
         100    0.890364  0.00074343 8.79046e-05
         100    0.894977  0.00153293 0.000110276
         100    0.899591  0.00311668 0.000146143
         100    0.904204  0.00644219 0.000225383
         100    0.908817   0.0122925  0.00032576
         100    0.913431    0.020816 0.000393895
         100    0.918044   0.0355623 0.000546236
         100    0.922657   0.0573288 0.000601203
         100     0.92727     0.09149  0.00100189
         100    0.931884     0.13585  0.00112957
         100    0.936497    0.196561  0.00154131
         100     0.94111    0.279028  0.00168938
         100    0.945724    0.378444  0.00187167
         100    0.950337    0.509697  0.00236447
         100     0.95495    0.659423   0.0025818
         100    0.959563    0.827747  0.00311327
         100    0.964177     1.02759  0.00327297
         100     0.96879     1.24356  0.00356814
         100    0.973403      1.4782  0.00358076
         100    0.978017     1.73074   0.0037765
         100     0.98263     1.98489  0.00428043
         100    0.987243     2.24148  0.00454321
         100    0.991856     2.50307  0.00431487
         100     0.99647     2.75662  0.00457799
         100     1.00108     3.00369   0.0054405
         100      1.0057     3.22404  0.00488608
         100     1.01031     3.43325  0.00562545
         100     1.01492     3.61764  0.00539097
         100     1.01954     3.77479  0.00495932
         100     1.02415     3.91409  0.00528841
         100     1.02876     4.00494  0.00511348
         100     1.03338     4.09361  0.00440928
         100     1.03799     4.14805  0.00461638
         100      1.0426     4.16755  0.00521373
         100     1.04722      4.1838  0.00640298
         100     1.05183      4.1611  0.00581324
         100     1.05644     4.11513   0.0068214
         100     1.06106     4.07159   0.0060638
         100     1.06567      3.9941  0.00584124
         100     1.07028     3.90798  0.00630886
         100      1.0749     3.81308  0.00576563
         100     1.07951     3.70942  0.00646384
         100     1.08412     3.59012  0.00574012
         100     1.08874     3.46983  0.00547474
         100     1.09335     3.34442  0.00558011
         100     1.09796     3.21321  0.00569129
         100     1.10258     3.08979  0.00498527
         100     1.10719     2.95441  0.00519277
         100      1.1118     2.82717  0.00493674
         100     1.11642     2.70202  0.00477899
         100     1.12103     2.57493  0.00449688
         100     1.12564     2.45724  0.00428763
         100     1.13026      2.3327  0.00367611
         100     1.13487     2.21762  0.00376181
         100     1.13948     2.11124  0.00361133
         100     1.14409      2.0043   0.0039727
         100     1.14871     1.90494  0.00310568
         100     1.15332     1.80976  0.00315047
         100     1.15793     1.71179  0.00305496
         100     1.16255     1.62414  0.00276558
         100     1.16716     1.53966  0.00296251
         100     1.17177     1.46248  0.00337184
         100     1.17639     1.38638  0.00307302
         100       1.181     1.32013  0.00309337
         100     1.18561     1.24955  0.00291305
         100     1.19023     1.18985  0.00307353
         100     1.19484     1.13447  0.00318677
         100     1.19945     1.07853  0.00301252
         100     1.20407     1.02225  0.00279964
         100     1.20868    0.974029  0.00323795
         100     1.21329    0.928829  0.00299178
         100     1.21791    0.888514  0.00314386
         100     1.22252    0.843135  0.00308745
         100     1.22713    0.812664  0.00314197
         100     1.23175    0.777407  0.00299346
         100     1.23636    0.742636  0.00334838
         100     1.24097    0.710604  0.00336706
         100     1.24559    0.684897  0.00322039
         100      1.2502    0.658896   0.0031112
         100     1.25481    0.636494  0.00303458
         100     1.25943    0.610989   0.0030752
         100     1.26404    0.594337  0.00303135
         100     1.26865    0.572425  0.00292457
         100     1.27327    0.553655  0.00314462
         100     1.27788    0.535335   0.0029336
         100     1.28249    0.519899  0.00298408
         100     1.28711    0.506189  0.00292394
         100     1.29172    0.494913  0.00278117
         100     1.29633    0.482059  0.00250943
         100     1.30095    0.471294  0.00297185
         100     1.30556    0.457965  0.00273117
         100     1.31017    0.452292  0.00272766
         100     1.31479    0.437481  0.00241027
         100      1.3194    0.432278  0.00253595
         100     1.32401    0.423401   0.0023374
         100     1.32863    0.418089  0.00241154
         100     1.33324    0.409606  0.00221328
         100     1.33785    0.403517  0.00210776
         100     1.34247    0.402515  0.00211327
         100     1.34708    0.397946  0.00169099
         100     1.35169    0.393679  0.00173979
         100     1.35631    0.387117    0.001735
         100     1.36092    0.387102  0.00161025
         100     1.36553    0.382833  0.00132489
         100     1.37015    0.382427  0.00150701
         100     1.37476    0.379166  0.00150046
         100     1.37937     0.37913  0.00142618
         100     1.38399     0.37826  0.00120742
         100      1.3886    0.377819  0.00138691
         100     1.39321    0.374666  0.00130056
         100     1.39783    0.376748  0.00130998
         100     1.40244    0.375668  0.00152749
         100     1.40705    0.374917  0.00136852
         100     1.41167    0.377108  0.00157867
         100     1.41628    0.379309  0.00175581
         100     1.42089    0.376278  0.00163314
         100     1.42551    0.379232  0.00174056
         100     1.43012    0.382281  0.00207129
         100     1.43473    0.382735  0.00185933
         100     1.43935    0.383858  0.00192766
         100     1.44396    0.385489  0.00212426
         100     1.44857    0.388016   0.0022911
         100     1.45319     0.39116  0.00227449
         100      1.4578    0.392213  0.00256001
         100     1.46241    0.397572  0.00269242
         100     1.46702    0.399746  0.00265191
         100     1.47164    0.402243   0.0026978
         100     1.47625    0.410165   0.0026889
         100     1.48086    0.410659  0.00290009
         100     1.48548    0.414138  0.00293143
         100     1.49009     0.41834  0.00287708
         100      1.4947     0.42515  0.00301286
         100     1.49932    0.428327  0.00286051
         100     1.50393    0.434807  0.00279812
         100     1.50854    0.437106  0.00302847
         100     1.51316    0.443535  0.00304197
         100     1.51777    0.445815  0.00288191
         100     1.52238    0.453687  0.00279362
         100       1.527    0.456307   0.0028799
         100     1.53161    0.463636  0.00286521
         100     1.53622    0.468835  0.00261885
         100     1.54084    0.473586  0.00256735
         100     1.54545    0.479187  0.00261534
         100     1.55006    0.486202  0.00226329
         100     1.55468    0.492351  0.00243088
         100     1.55929    0.495977  0.00195393
         100      1.5639    0.502611  0.00201849
         100     1.56852    0.510094  0.00194242
         100     1.57313    0.517431  0.00180061
         100     1.57774    0.522668  0.00177965
         100     1.58236    0.528186  0.00158048
         100     1.58697    0.535842  0.00135264
         100     1.59158    0.544488  0.00126367
         100      1.5962    0.553656  0.00136929
         100     1.60081     0.55842  0.00140507
         100     1.60542    0.568182  0.00141323
         100     1.61004    0.577483  0.00140475
         100     1.61465    0.586145  0.00146856
         100     1.61926    0.597335   0.0017167
         100     1.62388    0.607476   0.0018365
         100     1.62849    0.617122    0.001822
         100      1.6331    0.628702  0.00201376
         100     1.63772    0.637888  0.00224096
         100     1.64233    0.651566  0.00209196
         100     1.64694    0.664777  0.00261398
         100     1.65156     0.67962  0.00257411
         100     1.65617    0.692702  0.00265363
         100     1.66078    0.709177  0.00282382
         100      1.6654    0.727041  0.00301388
         100     1.67001    0.740512  0.00282659
         100     1.67462    0.756467  0.00318122
         100     1.67924    0.774989   0.0032921
         100     1.68385    0.793672  0.00317971
         100     1.68846    0.812387  0.00317033
         100     1.69308     0.83121  0.00307791
         100     1.69769    0.851409  0.00337082
         100      1.7023    0.869209   0.0030279
         100     1.70692    0.891074  0.00327289
         100     1.71153    0.911358  0.00318051
         100     1.71614    0.931922  0.00299062
         100     1.72076    0.956152  0.00313668
         100     1.72537    0.977818  0.00287724
         100     1.72998    0.997153  0.00297835
         100      1.7346     1.02004  0.00273974
         100     1.73921     1.04386  0.00283189
         100     1.74382     1.06565  0.00261015
         100     1.74844      1.0845  0.00256406
         100     1.75305     1.10244   0.0022401
         100     1.75766     1.12557  0.00215964
         100     1.76228     1.14453  0.00252729
         100     1.76689     1.16819  0.00226509
         100      1.7715     1.18756  0.00209077
         100     1.77612     1.20151  0.00230233
         100     1.78073     1.22334  0.00250286
         100     1.78534     1.23798  0.00242631
         100     1.78995     1.25533  0.00232424
         100     1.79457       1.273  0.00266903
         100     1.79918     1.28649  0.00263024
         100     1.80379     1.30144  0.00318202
         100     1.80841      1.3174  0.00300558
         100     1.81302     1.32618  0.00304717
         100     1.81763     1.33644  0.00327787
         100     1.82225     1.34836  0.00332934
         100     1.82686     1.36101  0.00319012
         100     1.83147     1.36962  0.00322154
         100     1.83609     1.37552  0.00332124
         100      1.8407      1.3864  0.00366832
         100     1.84531     1.39527  0.00334665
         100     1.84993     1.39902  0.00316043
         100     1.85454     1.40531  0.00290531
         100     1.85915     1.41192  0.00314751
         100     1.86377     1.41501  0.00344531
         100     1.86838     1.41633   0.0029754
         100     1.87299     1.42839  0.00298021
         100     1.87761     1.42698  0.00302662
         100     1.88222     1.43346  0.00255005
         100     1.88683      1.4372  0.00251809
         100     1.89145     1.44005  0.00234483
         100     1.89606     1.44135  0.00235186
         100     1.90067     1.44438   0.0022116
         100     1.90529     1.45138  0.00222178
         100      1.9099     1.45171  0.00238388
         100     1.91451     1.45537  0.00235891
         100     1.91913      1.4608  0.00205342
         100     1.92374     1.45974  0.00242194
         100     1.92835     1.46684  0.00242691
         100     1.93297     1.47274  0.00233557
         100     1.93758     1.47645  0.00231473
         100     1.94219     1.47911  0.00262016
         100     1.94681     1.48672  0.00266262
         100     1.95142     1.48743  0.00299938
         100     1.95603      1.4959  0.00290608
         100     1.96065     1.50158  0.00289152
         100     1.96526     1.50729  0.00316063
         100     1.96987     1.51347  0.00330941
         100     1.97449     1.52063  0.00310244
         100      1.9791     1.52331  0.00348626
         100     1.98371     1.52681  0.00355467
         100     1.98833     1.53402  0.00356646
         100     1.99294     1.53691  0.00337729
         100     1.99755     1.54282  0.00394311
         100     2.00217     1.54282  0.00364394
         100     2.00678     1.54377  0.00379614
         100     2.01139     1.54375  0.00412045
         100     2.01601     1.54868  0.00384469
         100     2.02062     1.54503   0.0036411
         100     2.02523     1.54555  0.00379757
         100     2.02985      1.5408  0.00352866
         100     2.03446      1.5399  0.00345313
         100     2.03907     1.52948  0.00325531
         100     2.04369     1.52532  0.00329264
         100      2.0483     1.51745  0.00329448
         100     2.05291     1.50435  0.00320337
         100     2.05753     1.49395  0.00305574
         100     2.06214     1.48033  0.00259599
         100     2.06675     1.46667  0.00263646
         100     2.07137     1.45375   0.0027091
         100     2.07598     1.43458  0.00260431
         100     2.08059     1.42047  0.00271629
         100     2.08521     1.40154  0.00218807
         100     2.08982     1.38286   0.0022376
         100     2.09443     1.36068  0.00203079
         100     2.09905     1.33872  0.00202004
         100     2.10366     1.31897  0.00188608
         100     2.10827     1.29564  0.00183276
         100     2.11288     1.27029  0.00189169
         100      2.1175     1.24821  0.00176963
         100     2.12211      1.2232  0.00181688
         100     2.12672     1.19875  0.00200148
         100     2.13134      1.1764  0.00178772
         100     2.13595     1.15054  0.00177209
         100     2.14056     1.12417  0.00191972
         100     2.14518     1.09933  0.00165634
         100     2.14979     1.07606  0.00210612
         100      2.1544     1.05048  0.00180979
         100     2.15902     1.02519  0.00201411
         100     2.16363    0.999903  0.00208834
         100     2.16824    0.975591  0.00186473
         100     2.17286    0.954613   0.0018821
         100     2.17747    0.927764  0.00200937
         100     2.18208    0.908074  0.00204518
         100      2.1867    0.884561  0.00211416
         100     2.19131    0.861983   0.0019638
         100     2.19592    0.836913  0.00194268
         100     2.20054    0.786243  0.00196186
         100     2.20515     0.76809   0.0019348
         100     2.20976    0.749268  0.00198569
         100     2.21438    0.730592  0.00190157
         100     2.21899    0.713433  0.00187224
         100      2.2236    0.696647  0.00197048
         100     2.22822    0.681571  0.00189611
         100     2.23283    0.667109  0.00179148
         100     2.23744    0.652764  0.00188541
         100     2.24206    0.637442  0.00194163
         100     2.24667    0.624672   0.0018363
         100     2.25128    0.612901  0.00190499
         100      2.2559    0.599327  0.00157614
         100     2.26051    0.589957  0.00172582
         100     2.26512    0.576402  0.00170692
         100     2.26974     0.56676  0.00180111
         100     2.27435    0.556632  0.00161557
         100     2.27896    0.548283   0.0015989
         100     2.28358     0.53808  0.00151024
         100     2.28819    0.530814   0.0015148
         100      2.2928    0.522419  0.00146367
         100     2.29742    0.516862  0.00155948
         100     2.30203    0.509483  0.00164104
