           1    -7.52762    -7.52762           0
           2    -7.51968    -7.52365  0.00280742
           3    -7.51462    -7.52064  0.00308844
           4    -7.52553    -7.52186   0.0025466
           5    -7.52086    -7.52166  0.00204512
           6    -7.51757    -7.52098  0.00181452
           7    -7.53315    -7.52272  0.00223767
           8    -7.53187    -7.52386  0.00223144
           9     -7.5291    -7.52445  0.00205786
          10    -7.53572    -7.52557  0.00213855
          11    -7.52215    -7.52526  0.00196663
          12    -7.53605    -7.52616  0.00199759
          13    -7.51963    -7.52566  0.00190613
          14    -7.53253    -7.52615  0.00183214
          15    -7.52829    -7.52629  0.00171556
          16    -7.53217    -7.52666  0.00164716
          17    -7.52151    -7.52636  0.00157789
          18    -7.52551    -7.52631  0.00149094
          19     -7.5195    -7.52595  0.00145493
          20    -7.53001    -7.52615  0.00139625
          21     -7.5188     -7.5258    0.001373
          22     -7.5314    -7.52606  0.00133396
          23    -7.52207    -7.52588  0.00128715
          24    -7.53202    -7.52614  0.00125862
          25    -7.53168    -7.52636  0.00122764
          26    -7.52662    -7.52637  0.00118046
          27    -7.52642    -7.52637  0.00113674
          28    -7.51952    -7.52613  0.00112216
          29    -7.52259    -7.52601  0.00109006
          30    -7.53377    -7.52626  0.00108401
          31    -7.52073    -7.52609  0.00106363
          32    -7.52729    -7.52612  0.00103105
          33    -7.51957    -7.52592  0.00101876
          34    -7.52074    -7.52577  0.00100016
          35    -7.52352    -7.52571 0.000973654
          36     -7.5255     -7.5257 0.000946626
          37    -7.52105    -7.52558 0.000929364
          38     -7.5276    -7.52563 0.000906431
          39    -7.52352    -7.52558 0.000884804
          40    -7.52831    -7.52564 0.000865319
          41    -7.53308    -7.52583 0.000863009
          42    -7.52021    -7.52569 0.000852763
          43    -7.52923    -7.52577 0.000836882
          44    -7.51278    -7.52548 0.000868437
          45    -7.54071    -7.52582 0.000912698
          46     -7.5245    -7.52579 0.000893308
          47    -7.51352    -7.52553  0.00091162
          48    -7.54658    -7.52597 0.000992525
          49    -7.50832    -7.52561  0.00103556
          50    -7.54586    -7.52601  0.00109122
          51     -7.5263    -7.52602  0.00106983
          52    -7.52275    -7.52595   0.0010511
          53     -7.5309    -7.52605   0.0010354
          54    -7.52595    -7.52604  0.00101623
          55    -7.50907    -7.52574  0.00104355
          56    -7.52156    -7.52566  0.00102758
          57     -7.5378    -7.52587  0.00103138
          58    -7.51846    -7.52575  0.00102149
          59    -7.52702    -7.52577  0.00100441
          60    -7.52722    -7.52579 0.000987959
          61    -7.52156    -7.52572 0.000974194
          62    -7.52414     -7.5257 0.000958817
          63    -7.52094    -7.52562 0.000946572
          64    -7.53277    -7.52573  0.00093835
          65    -7.51331    -7.52554 0.000943169
          66    -7.51676    -7.52541 0.000938216
          67    -7.52761    -7.52544 0.000924787
          68    -7.52833    -7.52548 0.000912164
          69    -7.51876    -7.52539 0.000904139
          70    -7.52854    -7.52543 0.000892344
          71    -7.53924    -7.52563 0.000900708
          72    -7.51624     -7.5255 0.000897576
          73    -7.52663    -7.52551 0.000885415
          74    -7.50398    -7.52522 0.000920034
          75    -7.53282    -7.52532 0.000913331
          76    -7.52913    -7.52537 0.000902689
          77    -7.53107    -7.52545 0.000893991
          78    -7.52133    -7.52539 0.000884085
          79    -7.53009    -7.52545 0.000874892
          80    -7.52326    -7.52543 0.000864386
          81    -7.51955    -7.52535 0.000856755
          82    -7.52457    -7.52534  0.00084636
          83    -7.53154    -7.52542 0.000839447
          84    -7.53466    -7.52553 0.000836624
          85    -7.52306     -7.5255 0.000827284
          86    -7.53276    -7.52558 0.000821958
          87    -7.52409    -7.52557 0.000812689
          88    -7.52116    -7.52552 0.000804992
          89    -7.52773    -7.52554 0.000796333
          90    -7.51189    -7.52539 0.000801805
          91    -7.53164    -7.52546  0.00079593
          92     -7.5144    -7.52534 0.000796301
          93    -7.52722    -7.52536 0.000787994
          94    -7.52897     -7.5254 0.000780548
          95    -7.53311    -7.52548 0.000776547
          96    -7.51451    -7.52536 0.000776812
          97    -7.53304    -7.52544  0.00077282
          98     -7.5106    -7.52529 0.000779641
          99    -7.53689    -7.52541 0.000780519
         100    -7.52791    -7.52543 0.000773113
