         100           0           0           0
         100  0.00461329           0           0
         100  0.00922657           0           0
         100   0.0138399           0           0
         100   0.0184531           0           0
         100   0.0230664           0           0
         100   0.0276797           0           0
         100    0.032293           0           0
         100   0.0369063           0           0
         100   0.0415196           0           0
         100   0.0461329           0           0
         100   0.0507461           0           0
         100   0.0553594           0           0
         100   0.0599727           0           0
         100    0.064586           0           0
         100   0.0691993           0           0
         100   0.0738126           0           0
         100   0.0784259           0           0
         100   0.0830391           0           0
         100   0.0876524           0           0
         100   0.0922657           0           0
         100    0.096879           0           0
         100    0.101492           0           0
         100    0.106106           0           0
         100    0.110719           0           0
         100    0.115332           0           0
         100    0.119945           0           0
         100    0.124559           0           0
         100    0.129172           0           0
         100    0.133785           0           0
         100    0.138399           0           0
         100    0.143012           0           0
         100    0.147625           0           0
         100    0.152238           0           0
         100    0.156852           0           0
         100    0.161465           0           0
         100    0.166078           0           0
         100    0.170692           0           0
         100    0.175305           0           0
         100    0.179918           0           0
         100    0.184531           0           0
         100    0.189145           0           0
         100    0.193758           0           0
         100    0.198371           0           0
         100    0.202985           0           0
         100    0.207598           0           0
         100    0.212211           0           0
         100    0.216824           0           0
         100    0.221438           0           0
         100    0.226051           0           0
         100    0.230664           0           0
         100    0.235278           0           0
         100    0.239891           0           0
         100    0.244504           0           0
         100    0.249117           0           0
         100    0.253731           0           0
         100    0.258344           0           0
         100    0.262957           0           0
         100    0.267571           0           0
         100    0.272184           0           0
         100    0.276797           0           0
         100     0.28141           0           0
         100    0.286024           0           0
         100    0.290637           0           0
         100     0.29525           0           0
         100    0.299864           0           0
         100    0.304477           0           0
         100     0.30909           0           0
         100    0.313703           0           0
         100    0.318317           0           0
         100     0.32293           0           0
         100    0.327543           0           0
         100    0.332157           0           0
         100     0.33677           0           0
         100    0.341383           0           0
         100    0.345996           0           0
         100     0.35061           0           0
         100    0.355223           0           0
         100    0.359836           0           0
         100     0.36445           0           0
         100    0.369063           0           0
         100    0.373676           0           0
         100    0.378289           0           0
         100    0.382903           0           0
         100    0.387516           0           0
         100    0.392129           0           0
         100    0.396743           0           0
         100    0.401356           0           0
         100    0.405969           0           0
         100    0.410582           0           0
         100    0.415196           0           0
         100    0.419809           0           0
         100    0.424422           0           0
         100    0.429036           0           0
         100    0.433649           0           0
         100    0.438262           0           0
         100    0.442875           0           0
         100    0.447489           0           0
         100    0.452102           0           0
         100    0.456715           0           0
         100    0.461329           0           0
         100    0.465942           0           0
         100    0.470555           0           0
         100    0.475168           0           0
         100    0.479782           0           0
         100    0.484395           0           0
         100    0.489008           0           0
         100    0.493622           0           0
         100    0.498235           0           0
         100    0.502848           0           0
         100    0.507461           0           0
         100    0.512075           0           0
         100    0.516688           0           0
         100    0.521301           0           0
         100    0.525915           0           0
         100    0.530528           0           0
         100    0.535141           0           0
         100    0.539754           0           0
         100    0.544368           0           0
         100    0.548981           0           0
         100    0.553594           0           0
         100    0.558208           0           0
         100    0.562821           0           0
         100    0.567434           0           0
         100    0.572047           0           0
         100    0.576661           0           0
         100    0.581274           0           0
         100    0.585887           0           0
         100    0.590501           0           0
         100    0.595114           0           0
         100    0.599727           0           0
         100     0.60434           0           0
         100    0.608954           0           0
         100    0.613567           0           0
         100     0.61818           0           0
         100    0.622794           0           0
         100    0.627407           0           0
         100     0.63202           0           0
         100    0.636633           0           0
         100    0.641247           0           0
         100     0.64586           0           0
         100    0.650473           0           0
         100    0.655087           0           0
         100      0.6597           0           0
         100    0.664313           0           0
         100    0.668926           0           0
         100     0.67354           0           0
         100    0.678153           0           0
         100    0.682766           0           0
         100     0.68738           0           0
         100    0.691993           0           0
         100    0.696606           0           0
         100    0.701219           0           0
         100    0.705833           0           0
         100    0.710446           0           0
         100    0.715059           0           0
         100    0.719673           0           0
         100    0.724286           0           0
         100    0.728899           0           0
         100    0.733512           0           0
         100    0.738126           0           0
         100    0.742739           0           0
         100    0.747352           0           0
         100    0.751966           0           0
         100    0.756579           0           0
         100    0.761192           0           0
         100    0.765805           0           0
         100    0.770419           0           0
         100    0.775032           0           0
         100    0.779645           0           0
         100    0.784259           0           0
         100    0.788872           0           0
         100    0.793485           0           0
         100    0.798098           0           0
         100    0.802712           0           0
         100    0.807325           0           0
         100    0.811938           0           0
         100    0.816552           0           0
         100    0.821165           0           0
         100    0.825778           0           0
         100    0.830391           0           0
         100    0.835005           0           0
         100    0.839618           0           0
         100    0.844231           0           0
         100    0.848845           0           0
         100    0.853458           0           0
         100    0.858071           0           0
         100    0.862684           0           0
         100    0.867298           0           0
         100    0.871911           0           0
         100    0.876524           0           0
         100    0.881138 7.06948e-05 7.03405e-05
         100    0.885751 8.10089e-05 5.88188e-05
         100    0.890364 0.000215012 9.07553e-05
         100    0.894977 0.000562674 0.000159057
         100    0.899591 0.000710446 0.000161445
         100    0.904204  0.00153015 0.000307548
         100    0.908817  0.00283699 0.000445403
         100    0.913431  0.00538494 0.000513933
         100    0.918044  0.00913314 0.000648938
         100    0.922657   0.0158511 0.000917281
         100     0.92727   0.0264281  0.00121584
         100    0.931884   0.0435939  0.00152977
         100    0.936497   0.0659343  0.00176896
         100     0.94111   0.0990509  0.00231289
         100    0.945724    0.151043  0.00261966
         100    0.950337    0.207674  0.00317689
         100     0.95495    0.283073  0.00319697
         100    0.959563    0.377588  0.00386008
         100    0.964177    0.500613   0.0046304
         100     0.96879    0.641919  0.00552554
         100    0.973403    0.821376  0.00551842
         100    0.978017     1.01538  0.00604918
         100     0.98263     1.22591  0.00776626
         100    0.987243     1.47757  0.00780284
         100    0.991856     1.72379  0.00752636
         100     0.99647       1.981   0.0091183
         100     1.00108     2.25691   0.0101738
         100      1.0057     2.54262  0.00941855
         100     1.01031     2.83775   0.0116945
         100     1.01492     3.11842   0.0115762
         100     1.01954     3.38613   0.0120627
         100     1.02415     3.63803   0.0143938
         100     1.02876      3.8647   0.0147562
         100     1.03338     4.09306   0.0130483
         100     1.03799     4.30884   0.0126943
         100      1.0426     4.47711   0.0118475
         100     1.04722     4.61844   0.0126947
         100     1.05183      4.7359   0.0150271
         100     1.05644     4.83346   0.0151515
         100     1.06106      4.8862    0.014234
         100     1.06567     4.90775   0.0142864
         100     1.07028     4.87993   0.0150802
         100      1.0749     4.84101   0.0141168
         100     1.07951     4.78688    0.012465
         100     1.08412     4.70669   0.0147236
         100     1.08874     4.61183   0.0155794
         100     1.09335     4.47843    0.014942
         100     1.09796     4.32367   0.0145289
         100     1.10258     4.17435    0.014046
         100     1.10719     3.99896   0.0123657
         100      1.1118     3.81197   0.0119249
         100     1.11642     3.63335   0.0130866
         100     1.12103      3.4377    0.011647
         100     1.12564     3.24062   0.0112991
         100     1.13026     3.05257   0.0108955
         100     1.13487     2.86353   0.0100756
         100     1.13948     2.68618    0.010342
         100     1.14409     2.49751    0.010666
         100     1.14871     2.31998  0.00920962
         100     1.15332     2.14168  0.00860691
         100     1.15793     1.98157  0.00787193
         100     1.16255     1.80551  0.00841673
         100     1.16716      1.6513   0.0075127
         100     1.17177     1.50849  0.00768522
         100     1.17639     1.37248  0.00772859
         100       1.181     1.24284   0.0069254
         100     1.18561     1.14006  0.00659789
         100     1.19023     1.02953   0.0066161
         100     1.19484    0.925949  0.00621363
         100     1.19945    0.822414  0.00559517
         100     1.20407    0.738322  0.00512495
         100     1.20868    0.664027  0.00519129
         100     1.21329    0.598069  0.00496372
         100     1.21791    0.528643  0.00444115
         100     1.22252    0.464984  0.00420336
         100     1.22713    0.414955  0.00412134
         100     1.23175    0.360975  0.00380684
         100     1.23636    0.322061  0.00391247
         100     1.24097    0.279466  0.00341768
         100     1.24559    0.247326  0.00332181
         100      1.2502     0.21491  0.00321139
         100     1.25481    0.188917  0.00298414
         100     1.25943    0.161795  0.00261925
         100     1.26404    0.141029  0.00236927
         100     1.26865    0.122139  0.00251918
         100     1.27327    0.106508  0.00203095
         100     1.27788   0.0946529   0.0023182
         100     1.28249   0.0842159  0.00208825
         100     1.28711   0.0733161  0.00199033
         100     1.29172   0.0634294  0.00175664
         100     1.29633   0.0584165  0.00170927
         100     1.30095   0.0536967  0.00165755
         100     1.30556     0.04948  0.00164332
         100     1.31017   0.0460141  0.00169865
         100     1.31479    0.044723  0.00158881
         100      1.3194   0.0442418  0.00153542
         100     1.32401   0.0437844  0.00151116
         100     1.32863   0.0477454  0.00161664
         100     1.33324   0.0522971  0.00164847
         100     1.33785   0.0565199  0.00165727
         100     1.34247   0.0605584  0.00174255
         100     1.34708   0.0680922  0.00187768
         100     1.35169   0.0732047  0.00207974
         100     1.35631   0.0804032  0.00201258
         100     1.36092   0.0899624  0.00220801
         100     1.36553    0.099003   0.0022587
         100     1.37015    0.108708  0.00215923
         100     1.37476    0.121938  0.00271457
         100     1.37937    0.135733  0.00258113
         100     1.38399    0.151321  0.00261116
         100      1.3886    0.170106  0.00271043
         100     1.39321    0.189425  0.00294103
         100     1.39783    0.206683   0.0028517
         100     1.40244    0.227708  0.00293208
         100     1.40705    0.249699  0.00286547
         100     1.41167    0.274961  0.00319013
         100     1.41628    0.298187  0.00324213
         100     1.42089    0.327673  0.00316367
         100     1.42551    0.354309  0.00336538
         100     1.43012    0.383056  0.00325154
         100     1.43473    0.418206  0.00290317
         100     1.43935    0.450647  0.00313299
         100     1.44396    0.487151  0.00322868
         100     1.44857    0.517584  0.00352615
         100     1.45319    0.561639  0.00366913
         100      1.4578    0.595246  0.00336596
         100     1.46241    0.624217  0.00412918
         100     1.46702    0.666147  0.00447406
         100     1.47164    0.702466  0.00457041
         100     1.47625    0.727672  0.00448041
         100     1.48086    0.749259  0.00442454
         100     1.48548    0.786304  0.00463936
         100     1.49009    0.812933  0.00453536
         100      1.4947    0.840389  0.00491732
         100     1.49932    0.865128  0.00506264
         100     1.50393    0.889589  0.00509972
         100     1.50854    0.914922  0.00491575
         100     1.51316    0.931708  0.00538797
         100     1.51777    0.942431  0.00650903
         100     1.52238    0.960498  0.00626114
         100       1.527    0.956501  0.00588215
         100     1.53161    0.965611  0.00544844
         100     1.53622    0.961361  0.00572705
         100     1.54084    0.962262  0.00592883
         100     1.54545    0.953284  0.00520399
         100     1.55006    0.944559  0.00561939
         100     1.55468    0.922822  0.00522495
         100     1.55929    0.907915  0.00575116
         100      1.5639     0.88704  0.00501079
         100     1.56852    0.869278  0.00570047
         100     1.57313    0.841648  0.00466371
         100     1.57774    0.812541  0.00459494
         100     1.58236    0.776518  0.00430899
         100     1.58697    0.747208  0.00395037
         100     1.59158    0.709705  0.00378179
         100      1.5962    0.677556  0.00346789
         100     1.60081    0.641896  0.00387147
         100     1.60542    0.598551  0.00336328
         100     1.61004    0.567179  0.00335874
         100     1.61465    0.534767  0.00299197
         100     1.61926    0.501404  0.00275604
         100     1.62388    0.464995  0.00291414
         100     1.62849    0.431915  0.00274696
         100      1.6331    0.405568  0.00289421
         100     1.63772     0.37485  0.00302138
         100     1.64233    0.346059  0.00267235
         100     1.64694    0.324156  0.00268723
         100     1.65156    0.300562  0.00259792
         100     1.65617    0.276861  0.00288584
         100     1.66078    0.260094   0.0028099
         100      1.6654    0.241086  0.00306623
         100     1.67001    0.225406   0.0029909
         100     1.67462    0.211612  0.00309804
         100     1.67924    0.202488   0.0029754
         100     1.68385    0.195298  0.00276824
         100     1.68846     0.19238  0.00265715
         100     1.69308    0.194199   0.0027109
         100     1.69769    0.201823  0.00266727
         100      1.7023    0.212428  0.00301901
         100     1.70692    0.227359  0.00294972
         100     1.71153     0.24462  0.00289333
         100     1.71614    0.262821  0.00320794
         100     1.72076    0.286474  0.00325892
         100     1.72537    0.316601  0.00346963
         100     1.72998    0.352402  0.00339742
         100      1.7346    0.393517  0.00371677
         100     1.73921    0.440138  0.00403893
         100     1.74382    0.488323  0.00407062
         100     1.74844    0.544184  0.00359257
         100     1.75305    0.609178  0.00381545
         100     1.75766    0.682948  0.00402873
         100     1.76228     0.76016  0.00490448
         100     1.76689    0.837216  0.00459166
         100      1.7715    0.923645  0.00455513
         100     1.77612     1.01196  0.00455962
         100     1.78073     1.10785  0.00470299
         100     1.78534     1.20444  0.00566381
         100     1.78995     1.29505  0.00527886
         100     1.79457     1.40442  0.00534235
         100     1.79918     1.51759  0.00520676
         100     1.80379     1.62739  0.00536032
         100     1.80841     1.73105  0.00552243
         100     1.81302      1.8344  0.00537715
         100     1.81763     1.93776  0.00602609
         100     1.82225     2.04016  0.00592834
         100     1.82686     2.13106  0.00600312
         100     1.83147     2.23435  0.00604353
         100     1.83609     2.32614  0.00649566
         100      1.8407     2.39018  0.00644693
         100     1.84531     2.46197  0.00647672
         100     1.84993     2.53536  0.00623565
         100     1.85454     2.58848  0.00682304
         100     1.85915     2.62427  0.00821673
         100     1.86377     2.66067  0.00818771
         100     1.86838     2.67066  0.00817513
         100     1.87299     2.68951  0.00830274
         100     1.87761      2.6927  0.00817389
         100     1.88222     2.68318  0.00852342
         100     1.88683     2.66818  0.00817274
         100     1.89145     2.62898  0.00834627
         100     1.89606     2.58247  0.00783324
         100     1.90067     2.53285  0.00833959
         100     1.90529     2.48626  0.00795356
         100      1.9099     2.40899  0.00712367
         100     1.91451     2.34222  0.00765936
         100     1.91913     2.26258  0.00689997
         100     1.92374     2.17389  0.00602902
         100     1.92835     2.08261   0.0057019
         100     1.93297      1.9843   0.0056137
         100     1.93758     1.89138  0.00507701
         100     1.94219     1.79516  0.00501255
         100     1.94681     1.69422  0.00506046
         100     1.95142     1.59361  0.00515005
         100     1.95603     1.49642  0.00449477
         100     1.96065     1.39804  0.00417962
         100     1.96526     1.29275  0.00393377
         100     1.96987     1.20693  0.00373307
         100     1.97449     1.12011  0.00356312
         100      1.9791      1.0394  0.00399238
         100     1.98371    0.951152  0.00408667
         100     1.98833    0.881676  0.00405379
         100     1.99294    0.809389  0.00396331
         100     1.99755    0.747179  0.00417664
         100     2.00217    0.689352  0.00392428
         100     2.00678    0.638789  0.00407032
         100     2.01139    0.592822   0.0037886
         100     2.01601    0.553116   0.0035168
         100     2.02062     0.52029  0.00366155
         100     2.02523    0.494256  0.00381575
         100     2.02985    0.474952  0.00365925
         100     2.03446    0.459425  0.00394308
         100     2.03907    0.450233  0.00355248
         100     2.04369    0.446768   0.0036301
         100      2.0483    0.447694  0.00359637
         100     2.05291    0.451094  0.00375823
         100     2.05753    0.464014  0.00360202
         100     2.06214     0.47663  0.00341785
         100     2.06675    0.490749  0.00341964
         100     2.07137    0.512752  0.00314908
         100     2.07598     0.53784  0.00289624
         100     2.08059    0.565002  0.00310806
         100     2.08521    0.595605  0.00279342
         100     2.08982    0.625182  0.00283783
         100     2.09443    0.657997   0.0028882
         100     2.09905    0.694923  0.00288339
         100     2.10366    0.727232  0.00287988
         100     2.10827    0.761559  0.00299732
         100     2.11288    0.789204  0.00291356
         100      2.1175    0.821548   0.0033348
         100     2.12211    0.852685  0.00344946
         100     2.12672    0.879234  0.00339241
         100     2.13134    0.903726  0.00289171
         100     2.13595    0.932728  0.00341261
         100     2.14056    0.953851  0.00346613
         100     2.14518    0.972736  0.00349788
         100     2.14979    0.989234  0.00361996
         100      2.1544    0.996585  0.00369171
         100     2.15902     1.00745  0.00390786
         100     2.16363     1.00681  0.00342642
         100     2.16824     1.00599  0.00353642
         100     2.17286    0.998889  0.00347847
         100     2.17747    0.993527  0.00416807
         100     2.18208    0.983573  0.00388858
         100      2.1867    0.971256  0.00361974
         100     2.19131    0.949509  0.00344699
         100     2.19592    0.934353  0.00374049
         100     2.20054    0.910343  0.00346581
         100     2.20515    0.890991  0.00320865
         100     2.20976    0.862016  0.00321504
         100     2.21438    0.841249  0.00279916
         100     2.21899    0.819558   0.0029099
         100      2.2236    0.792561  0.00320834
         100     2.22822    0.763922  0.00331676
         100     2.23283    0.738106  0.00297538
         100     2.23744    0.711966  0.00295369
         100     2.24206    0.686615  0.00297684
         100     2.24667    0.665206  0.00330496
         100     2.25128    0.639732  0.00351622
         100      2.2559    0.621531  0.00321533
         100     2.26051    0.604017   0.0029379
         100     2.26512    0.590496  0.00335687
         100     2.26974    0.579628  0.00374647
         100     2.27435    0.575797  0.00385439
         100     2.27896    0.576127  0.00382703
         100     2.28358    0.570977   0.0038491
         100     2.28819    0.573854  0.00376099
         100      2.2928    0.580774  0.00419834
         100     2.29742    0.594438  0.00442834
         100     2.30203    0.612273  0.00428757
