           1     6.80325     6.80325           0
           2     6.77052     6.78688   0.0115713
           3      6.8774     6.81705   0.0258153
           4     6.90421     6.83884   0.0270365
           5     6.80002     6.83108   0.0227168
           6     6.75379      6.8182   0.0222854
           7     6.97642      6.8408   0.0283334
           8     6.99728     6.86036   0.0308124
           9     6.92105      6.8671   0.0281169
          10     7.08561     6.88896   0.0327119
          11     6.82949     6.88355   0.0301815
          12     7.02511     6.89535   0.0298831
          13     6.91964     6.89721   0.0276427
          14     6.88741     6.89651   0.0256771
          15     6.87586     6.89514   0.0240022
          16     6.89517     6.89514   0.0225021
          17     6.93703      6.8976   0.0213129
          18     7.00801     6.90374   0.0209929
          19     6.84646     6.90072   0.0201033
          20     6.93574     6.90247   0.0191742
          21     6.95374     6.90491   0.0184159
          22     7.04471     6.91127   0.0186429
          23     6.85227      6.9087    0.018008
          24     6.86777       6.907   0.0173382
          25     6.89889     6.90667   0.0166477
          26     6.98268      6.9096   0.0162621
          27     6.95777     6.91138   0.0157574
          28     7.00698      6.9148   0.0155601
          29     6.96987     6.91669    0.015139
          30     6.75037     6.91115   0.0156165
          31     6.88294     6.91024   0.0151393
          32      6.8677     6.90891   0.0147244
          33     6.94053     6.90987   0.0143094
          34     6.96322     6.91144   0.0139743
          35     6.86861     6.91021   0.0136285
          36     6.82182     6.90776   0.0134693
          37     6.86171     6.90651   0.0131626
          38     6.83496     6.90463   0.0129502
          39     6.95241     6.90586    0.012676
          40     6.82189     6.90376   0.0125317
          41      7.0087     6.90632   0.0124847
          42     6.92379     6.90673   0.0121944
          43     6.89805     6.90653   0.0119125
          44     6.83253     6.90485   0.0117599
          45     6.91313     6.90503      0.0115
          46     6.87957     6.90448   0.0112633
          47     6.93495     6.90513   0.0110423
          48     6.97823     6.90665   0.0109168
          49     6.91974     6.90692   0.0106972
          50     6.90698     6.90692   0.0104833
          51     6.87054     6.90621    0.010302
          52     6.90836     6.90625    0.010104
          53     6.98643     6.90776   0.0100259
          54     6.93297     6.90823  0.00985114
          55     6.94811     6.90895  0.00969868
          56      7.0442     6.91137  0.00982157
          57     6.87737     6.91077  0.00966736
          58     6.92103     6.91095  0.00950229
          59     6.89871     6.91074   0.0093435
          60     6.89482     6.91048  0.00919154
          61     6.78188     6.90837  0.00927946
          62     6.79178     6.90649  0.00931839
          63     6.97526     6.90758   0.0092342
          64     7.01512     6.90926  0.00924153
          65     6.80818      6.9077  0.00922925
          66     6.81933     6.90636  0.00918602
          67     7.00217     6.90779  0.00915954
          68     6.98546     6.90894  0.00909577
          69     6.75746     6.90674  0.00922506
          70     6.90972     6.90678  0.00909338
          71     6.93437     6.90717  0.00897359
          72     7.06514     6.90937  0.00911322
          73     6.89276     6.90914  0.00899122
          74     6.94136     6.90957  0.00888026
          75     6.84634     6.90873  0.00880179
          76     6.97675     6.90963  0.00873135
          77     6.92453     6.90982  0.00862011
          78     6.79633     6.90837  0.00863151
          79     6.95796     6.90899  0.00854505
          80      7.0338     6.91055  0.00857946
          81     7.00893     6.91177  0.00855908
          82     6.76409     6.90997  0.00864209
          83      6.8744     6.90954  0.00854859
          84     6.93019     6.90978  0.00845036
          85     7.02539     6.91114  0.00845968
          86     6.88096     6.91079  0.00836859
          87     6.84494     6.91004  0.00830655
          88     6.95955      6.9106  0.00823119
          89     6.92404     6.91075  0.00814009
          90     6.96591     6.91136  0.00807269
          91     6.83779     6.91055  0.00802436
          92      6.9797     6.91131  0.00797226
          93      7.0046     6.91231   0.0079494
          94     6.88732     6.91204  0.00786928
          95     6.93847     6.91232  0.00779136
          96     6.86437     6.91182   0.0077262
          97     6.91741     6.91188  0.00764676
          98     6.91698     6.91193  0.00756891
          99     6.80556     6.91086  0.00756833
         100     6.84984     6.91025  0.00751721
