1         -0.437035         -0.437035                 0
2         -0.426857         -0.431946        0.00359842
3         -0.456974         -0.440289        0.00722185
4         -0.461024         -0.445473        0.00703498
5         -0.447178         -0.445814        0.00563625
6         -0.436167         -0.444206        0.00492083
7          -0.44841         -0.444807        0.00425434
8         -0.442839         -0.444561        0.00372965
9         -0.447614           -0.4449        0.00333065
10         -0.446027         -0.445013        0.00299949
11          -0.44441         -0.444958        0.00272731
12         -0.447844         -0.445198        0.00251062
13         -0.449564         -0.445534        0.00233985
14         -0.454876         -0.446202        0.00226587
15         -0.446697         -0.446235        0.00211505
16         -0.440623         -0.445884        0.00201173
17         -0.455008         -0.446421        0.00196369
18         -0.452169          -0.44674        0.00188038
19         -0.450849         -0.446956         0.0017938
20         -0.452031          -0.44721        0.00172197
21          -0.44695         -0.447198        0.00164001
22         -0.438949         -0.446823        0.00160775
23         -0.453791         -0.447126        0.00156614
24         -0.451192         -0.447295        0.00151002
25         -0.427436         -0.446501        0.00164535
26         -0.443315         -0.446378        0.00158662
27         -0.443987          -0.44629        0.00153033
28         -0.442882         -0.446168         0.0014805
29         -0.444849         -0.446122        0.00143015
30         -0.443191         -0.446025        0.00138581
31         -0.442705         -0.445918        0.00134524
32         -0.442544         -0.445812        0.00130733
33           -0.4233          -0.44513        0.00143469
34         -0.448629         -0.445233        0.00139618
35         -0.450772         -0.445391        0.00136523
36         -0.426405         -0.444864        0.00142554
37         -0.442946         -0.444812        0.00138796
38         -0.425336         -0.444299        0.00144296
39         -0.455413         -0.444584        0.00143383
40         -0.450819          -0.44474        0.00140643
41         -0.442795         -0.444693        0.00137292
42         -0.450262         -0.444825        0.00134662
43         -0.426923         -0.444409        0.00137816
44          -0.42996         -0.444081        0.00138542
45         -0.443523         -0.444068        0.00135468
46         -0.444285         -0.444073        0.00132524
47         -0.449017         -0.444178        0.00130121
48         -0.456908         -0.444443        0.00130085
49         -0.440354          -0.44436        0.00127698
50         -0.447209         -0.444417        0.00125271
51         -0.446701         -0.444462        0.00122895
52         -0.441285         -0.444401        0.00120683
53         -0.443292          -0.44438        0.00118424
54         -0.447005         -0.444428        0.00116331
55         -0.451673          -0.44456        0.00114959
56         -0.442707         -0.444527        0.00112954
57         -0.437891         -0.444411         0.0011157
58         -0.446023         -0.444438        0.00109681
59         -0.438533         -0.444338        0.00108278
60         -0.441258         -0.444287        0.00106595
61         -0.425737         -0.443983        0.00109099
62          -0.44112         -0.443937        0.00107437
63         -0.441489         -0.443898        0.00105802
64         -0.454139         -0.444058        0.00105352
65         -0.449124         -0.444136        0.00104019
66         -0.443983         -0.444133        0.00102443
67         -0.452992         -0.444266        0.00101764
68         -0.439077         -0.444189        0.00100553
69         -0.432958         -0.444027        0.00100405
70          -0.42176         -0.443708        0.00103887
71         -0.432159         -0.443546        0.00103689
72         -0.448087         -0.443609        0.00102441
73         -0.456184         -0.443781        0.00102476
74         -0.433805         -0.443646        0.00101974
75         -0.436476         -0.443551        0.00101061
76         -0.458971         -0.443754        0.00101748
77          -0.43524         -0.443643        0.00101026
78          -0.43414         -0.443521        0.00100462
79         -0.448044         -0.443578       0.000993537
80         -0.427052         -0.443372        0.00100236
81         -0.454229         -0.443506        0.00099891
82         -0.450196         -0.443587       0.000990054
83         -0.446856         -0.443627       0.000978909
84         -0.448022         -0.443679       0.000968652
85         -0.443172         -0.443673       0.000957275
86         -0.445809         -0.443698       0.000946466
87         -0.436432         -0.443615       0.000939264
88         -0.456882         -0.443765       0.000940614
89         -0.446934         -0.443801       0.000930718
90         -0.427086         -0.443615       0.000938723
91         -0.434933          -0.44352       0.000933244
92         -0.443478         -0.443519         0.0009231
93         -0.428755         -0.443361       0.000926725
94         -0.455395         -0.443489       0.000925666
95         -0.449958         -0.443557       0.000918424
96         -0.429948         -0.443415       0.000919733
97         -0.443784         -0.443419       0.000910259
98          -0.45016         -0.443488       0.000903566
99         -0.443514         -0.443488       0.000894439
100          -0.44707         -0.443524       0.000886212
