-3                 0
-2.94                 0
-2.88                 0
-2.82                 0
-2.76                 0
-2.7            0.0005
-2.64                 0
-2.58                 0
-2.52       0.000166667
-2.46       0.000833333
-2.4       0.000833333
-2.34             0.001
-2.28        0.00266667
-2.22        0.00416667
-2.16            0.0045
-2.1        0.00616667
-2.04        0.00583333
-1.98         0.0118333
-1.92             0.013
-1.86         0.0196667
-1.8         0.0271667
-1.74         0.0476667
-1.68         0.0543333
-1.62         0.0766667
-1.56            0.0965
-1.5          0.120167
-1.44          0.146167
-1.38          0.170833
-1.32          0.217667
-1.26            0.2435
-1.2          0.292333
-1.14            0.2985
-1.08          0.342167
-1.02          0.357833
-0.96          0.341667
-0.9          0.359333
-0.84          0.419833
-0.78             0.394
-0.72            0.4135
-0.66             0.424
-0.6          0.405167
-0.54            0.3785
-0.48          0.351333
-0.42             0.375
-0.36            0.3325
-0.3             0.301
-0.24          0.310833
-0.18          0.327833
-0.12          0.295167
-0.06          0.284167
0            0.3065
0.06            0.2985
0.12          0.300167
0.18          0.315833
0.24          0.328167
0.3            0.3485
0.36          0.346667
0.42          0.383833
0.48          0.388667
0.54            0.4055
0.6          0.436333
0.66          0.430667
0.72            0.4045
0.78          0.399667
0.84          0.410333
0.9          0.364167
0.96          0.341833
1.02          0.326667
1.08          0.291167
1.14          0.272667
1.2          0.231333
1.26          0.204833
1.32            0.1765
1.38          0.157667
1.44          0.121667
1.5            0.0995
1.56         0.0783333
1.62         0.0586667
1.68         0.0423333
1.74             0.033
1.8         0.0296667
1.86         0.0166667
1.92             0.014
1.98        0.00616667
2.04        0.00683333
2.1             0.005
2.16        0.00366667
2.22        0.00233333
2.28        0.00133333
2.34                 0
2.4                 0
2.46                 0
2.52       0.000333333
2.58                 0
2.64                 0
2.7                 0
2.76                 0
2.82                 0
2.88                 0
2.94                 0
3                 0
