0           0.22164        0.00789792
1          0.122584        0.00627023
2        -0.0141032        0.00515842
3          0.124705        0.00607146
4            0.0389        0.00462304
5        -0.0141506         0.0044097
6         -0.218629        0.00303533
7         -0.178623        0.00246938
8         -0.114895        0.00339274
9         -0.189015        0.00268606
10         -0.179003        0.00278599
11         -0.193865        0.00175853
12           0.06452        0.00301785
13         -0.150999        0.00324784
14         -0.141235        0.00217207
15         -0.245063        0.00154275
16         -0.276105        0.00172291
17          -0.26708        0.00246637
18         -0.203661        0.00343024
19          0.164929        0.00668386
20         -0.223233        0.00316322
21         -0.159352        0.00427715
22         -0.296945        0.00288753
23         -0.329198        0.00269509
24         -0.411903        0.00115819
25         -0.429437       0.000761928
26         -0.407772        0.00128714
27         -0.414563       0.000959507
28         -0.378061        0.00179539
29         -0.337244        0.00168646
30         -0.227949          0.002725
31         -0.401748        0.00129939
32         -0.437489       0.000787677
33         -0.430916       0.000951666
34         -0.431492       0.000941917
35         -0.439587       0.000893976
36         -0.442287         0.0009355
37         -0.440833       0.000878851
38         -0.412865        0.00130107
39         -0.440973       0.000876067
40         -0.438135         0.0010028
41         -0.438871       0.000811106
42         -0.378335         0.0018901
43         -0.443376        0.00082342
44         -0.444759       0.000728549
45         -0.443498       0.000775143
46         -0.443479       0.000749907
47         -0.442882       0.000747118
48           -0.4287        0.00119068
49         -0.400234        0.00130217
50         -0.400541        0.00140532
51         -0.401375        0.00135392
52         -0.401297        0.00122403
53          -0.39889        0.00115517
54         -0.401058        0.00108088
55         -0.402901        0.00122068
56         -0.399891         0.0014116
57         -0.399523        0.00126477
58         -0.337584        0.00176738
59         -0.338027        0.00187974
60         -0.338826         0.0020143
61         -0.339379        0.00171845
62         -0.339068        0.00180431
63           -0.3401        0.00174989
64         -0.333328         0.0019596
65         -0.336476         0.0019989
66          -0.33803        0.00131653
67         -0.363779        0.00158537
68         -0.363351        0.00155906
69         -0.421288        0.00116345
70         -0.422417        0.00106217
71         -0.426468       0.000926645
72         -0.431356       0.000854682
73         -0.429267       0.000958753
74         -0.430584       0.000838461
75         -0.430023       0.000827811
76         -0.429681       0.000771829
77         -0.429445       0.000948634
78         -0.432189       0.000890675
79         -0.432181       0.000775789
80         -0.432787       0.000820746
81         -0.432668       0.000916561
82         -0.433085       0.000827328
83         -0.430941       0.000907311
84          -0.43274       0.000865707
85         -0.430901       0.000927612
86         -0.439813        0.00080423
87         -0.438887       0.000909451
88         -0.438941       0.000964186
89         -0.438321       0.000968983
90         -0.442202        0.00118823
91         -0.441676       0.000878355
92         -0.440404       0.000993743
93         -0.443229       0.000815569
94         -0.442709       0.000843695
95          -0.44568       0.000664922
96         -0.443286       0.000743771
97          -0.44309       0.000812033
98         -0.443826       0.000785933
99         -0.441984       0.000855654
100         -0.442699        0.00076312
101         -0.443538        0.00075817
102         -0.443649       0.000807899
103         -0.445184       0.000726742
104         -0.444768       0.000756545
105         -0.443051       0.000759421
106         -0.443918       0.000858558
107          -0.44372       0.000712936
108         -0.443298        0.00082701
109         -0.442764       0.000871725
110         -0.444067       0.000746114
111         -0.444228       0.000904181
112         -0.443089       0.000853476
113         -0.443217       0.000755359
114         -0.443651       0.000909267
115          -0.44316       0.000830006
116         -0.444618       0.000720712
117          -0.44339         0.0008139
118         -0.443059       0.000773812
119         -0.443428        0.00091491
120         -0.443366       0.000816503
121         -0.443571       0.000822218
122         -0.442716       0.000800189
123         -0.443015        0.00086613
124         -0.443877       0.000876686
125         -0.443595       0.000745387
126         -0.444908       0.000840098
127         -0.444001       0.000903858
128         -0.442346       0.000712473
129         -0.444906       0.000703579
130         -0.442349       0.000965472
131         -0.441438       0.000711874
132         -0.442194       0.000845357
133         -0.444267       0.000778915
134           -0.4428       0.000789557
135         -0.444892       0.000754225
136         -0.444415       0.000826156
137         -0.442972       0.000947712
138         -0.442298       0.000759958
139         -0.442172       0.000830332
140         -0.442369       0.000793229
141         -0.442666       0.000816772
142         -0.442858        0.00087669
143         -0.442817       0.000722697
144         -0.443773       0.000788328
145         -0.444061       0.000848188
146         -0.443903       0.000689814
147         -0.442198       0.000795612
148         -0.443401       0.000751143
149          -0.44264       0.000877125
150         -0.443712       0.000748444
151         -0.443994       0.000808079
152         -0.443428       0.000845931
153         -0.444255       0.000722289
154          -0.44373       0.000870585
155          -0.44321       0.000780895
156          -0.44366        0.00081963
157         -0.442955       0.000880066
158         -0.444455       0.000699931
159         -0.442695       0.000852042
160         -0.443958       0.000791755
161         -0.443967       0.000815042
162         -0.444015       0.000857985
163         -0.444229       0.000978971
164         -0.444231       0.000872601
165         -0.443104       0.000807401
166         -0.443447       0.000917686
167         -0.441508       0.000900311
168         -0.443445       0.000890422
169         -0.444696       0.000983659
170         -0.443386       0.000908438
171         -0.443044       0.000912095
172          -0.44379       0.000840651
173         -0.443726       0.000808622
174         -0.443139       0.000983522
175         -0.444374       0.000848325
176         -0.443522       0.000834162
177         -0.442443       0.000869566
178         -0.443671       0.000749579
179         -0.444122       0.000880906
180         -0.442526       0.000888393
181         -0.443831       0.000869483
182         -0.443881       0.000874875
183           -0.4444       0.000714497
184         -0.444183       0.000862104
185         -0.443203       0.000883567
186         -0.442844       0.000914945
187         -0.444871       0.000820451
188         -0.443628        0.00079602
189         -0.444409       0.000937745
190         -0.443797       0.000818969
191         -0.443912       0.000775117
192         -0.444144       0.000843566
193         -0.443299       0.000882961
194         -0.442243        0.00097864
195         -0.443149       0.000912059
196         -0.443501       0.000842966
197         -0.444093       0.000846429
198         -0.443923       0.000927588
199         -0.443812       0.000870815
200         -0.443431       0.000834046
201         -0.445187       0.000878957
202         -0.444156       0.000808408
203         -0.444073        0.00102625
204         -0.444151       0.000841305
205         -0.444333       0.000882824
206         -0.444119        0.00082473
207         -0.444396       0.000931014
208         -0.443897        0.00097315
209         -0.441859       0.000857044
210         -0.443089       0.000864714
211         -0.442647       0.000989451
212         -0.443653       0.000735272
213         -0.443805       0.000822068
214         -0.443041       0.000924935
215         -0.444219        0.00106652
216         -0.443308       0.000857039
217         -0.443441       0.000784648
218         -0.444137       0.000738361
219         -0.444374       0.000902896
220         -0.443691       0.000874177
221         -0.442828       0.000740999
222         -0.443395       0.000891578
223           -0.4441       0.000922226
224         -0.440318       0.000915392
225         -0.443073       0.000831882
226         -0.443624        0.00088882
227         -0.444205       0.000808919
228         -0.443716       0.000931255
229          -0.44487       0.000839142
230         -0.444274       0.000773572
231         -0.444929        0.00071616
232         -0.443218       0.000735825
233         -0.444616       0.000940224
