0           0.92453          0.933984
1          0.890763          0.929407
2          0.931769          0.846608
3           1.01287          0.820907
4           1.06808          0.725135
5           1.08256          0.680981
6          0.986023          0.697617
7           1.03695          0.644248
8            1.0356          0.695458
9           1.03445          0.647037
10           1.02881           0.66402
11            1.0449          0.580811
12           1.13128          0.631621
13           1.03613          0.668822
14           1.06652          0.611593
15          0.986168          0.535785
16           1.00162          0.603786
17          0.992323          0.656938
18          0.937545           0.75586
19           1.02552          0.818517
20          0.952281          0.729213
21          0.874636          0.826308
22          0.829187          0.776581
23          0.785625          0.772887
24          0.728569          0.676459
25          0.738273          0.628265
26          0.818726          0.555443
27          0.885066          0.605197
28           0.82531          0.537017
29          0.738153          0.516999
30          0.835445          0.485645
31          0.741184          0.554798
32          0.756389          0.625539
33             0.826          0.581528
34             0.826          0.581528
35          0.784084          0.637913
36          0.784084          0.637913
37          0.784084          0.637913
38          0.793645          0.555536
39           0.81837          0.596453
40          0.786697          0.648462
41          0.809259          0.591088
42          0.876959           0.68955
43          0.792523          0.606932
44          0.792523          0.606932
45          0.792523          0.606932
46          0.792523          0.606932
47          0.792523          0.606932
48          0.857379          0.636159
49          0.809131          0.548176
50          0.809131          0.548176
51          0.904651          0.612969
52          0.904651          0.612969
53          0.904651          0.612969
54          0.904651          0.612969
55          0.904651          0.612969
56          0.904651          0.612969
57          0.904651          0.612969
58           0.95315           0.64226
59           0.95315           0.64226
60           0.95315           0.64226
61           0.95315           0.64226
62           0.95315           0.64226
63           0.95315           0.64226
64           0.95315           0.64226
65           0.95315           0.64226
66           0.96089          0.600063
67          0.936001          0.632641
68          0.936001          0.632641
69           0.84328          0.574389
70           0.84328          0.574389
71          0.837155           0.57845
72          0.747734          0.592195
73          0.747734          0.592195
74          0.747734          0.592195
75          0.747734          0.592195
76          0.747734          0.592195
77          0.747734          0.592195
78          0.758782          0.587529
79          0.758782          0.587529
80          0.758782          0.587529
81          0.758782          0.587529
82          0.758782          0.587529
83          0.758782          0.587529
84          0.758782          0.587529
85          0.758782          0.587529
86          0.811215          0.591016
87          0.811215          0.591016
88          0.811215          0.591016
89          0.811215          0.591016
90          0.812652          0.634174
91          0.812652          0.634174
92          0.812652          0.634174
93          0.783407          0.615721
94          0.783407          0.615721
95          0.783407          0.615721
96          0.783407          0.615721
97          0.783407          0.615721
98          0.783407          0.615721
99          0.783407          0.615721
100          0.783407          0.615721
101          0.783407          0.615721
102          0.783407          0.615721
103          0.783407          0.615721
104          0.783407          0.615721
105          0.783407          0.615721
106          0.783407          0.615721
107          0.783407          0.615721
108          0.783407          0.615721
109          0.783407          0.615721
110          0.783407          0.615721
111          0.783407          0.615721
112          0.783407          0.615721
113          0.783407          0.615721
114          0.783407          0.615721
115          0.783407          0.615721
116          0.783407          0.615721
117          0.783407          0.615721
118          0.783407          0.615721
119          0.783407          0.615721
120          0.783407          0.615721
121          0.783407          0.615721
122          0.783407          0.615721
123          0.783407          0.615721
124          0.783407          0.615721
125          0.783407          0.615721
126          0.783407          0.615721
127          0.783407          0.615721
128          0.783407          0.615721
129          0.783407          0.615721
130          0.783407          0.615721
131          0.783407          0.615721
132          0.783407          0.615721
133          0.783407          0.615721
134          0.783407          0.615721
135          0.783407          0.615721
136          0.783407          0.615721
137          0.783407          0.615721
138          0.783407          0.615721
139          0.783407          0.615721
140          0.783407          0.615721
141          0.783407          0.615721
142          0.783407          0.615721
143          0.783407          0.615721
144          0.783407          0.615721
145          0.783407          0.615721
146          0.783407          0.615721
147          0.783407          0.615721
148          0.783407          0.615721
149          0.783407          0.615721
150          0.783407          0.615721
151          0.783407          0.615721
152          0.783407          0.615721
153          0.783407          0.615721
154          0.783407          0.615721
155          0.783407          0.615721
156          0.783407          0.615721
157          0.783407          0.615721
158          0.783407          0.615721
159          0.783407          0.615721
160          0.809453          0.616599
161          0.809453          0.616599
162          0.809453          0.616599
163          0.809453          0.616599
164          0.809453          0.616599
165          0.809453          0.616599
166          0.809453          0.616599
167          0.809453          0.616599
168          0.809453          0.616599
169          0.809453          0.616599
170          0.809453          0.616599
171          0.809453          0.616599
172          0.809453          0.616599
173          0.809453          0.616599
174          0.809453          0.616599
175          0.809453          0.616599
176          0.809453          0.616599
177          0.809453          0.616599
178          0.809453          0.616599
179          0.809453          0.616599
180          0.809453          0.616599
181          0.809453          0.616599
182          0.809453          0.616599
183          0.809453          0.616599
184          0.809453          0.616599
185          0.809453          0.616599
186          0.809453          0.616599
187          0.809453          0.616599
188          0.809453          0.616599
189          0.809453          0.616599
190          0.809453          0.616599
191          0.809453          0.616599
192          0.809453          0.616599
193          0.809453          0.616599
194          0.809453          0.616599
195          0.809453          0.616599
196          0.809453          0.616599
197          0.809453          0.616599
198          0.809453          0.616599
199          0.809453          0.616599
200          0.809453          0.616599
201          0.809453          0.616599
202          0.809453          0.616599
203          0.809453          0.616599
204          0.809453          0.616599
205          0.809453          0.616599
206          0.809453          0.616599
207          0.809453          0.616599
208          0.809453          0.616599
209          0.809453          0.616599
210          0.809453          0.616599
211          0.809453          0.616599
212          0.812202           0.61499
213          0.812202           0.61499
214          0.812202           0.61499
215          0.794008          0.625747
216          0.794008          0.625747
217          0.794008          0.625747
218          0.794008          0.625747
219          0.794008          0.625747
220          0.794008          0.625747
221          0.794008          0.625747
222          0.794008          0.625747
223          0.794008          0.625747
224          0.794008          0.625747
225          0.794008          0.625747
226          0.794008          0.625747
227          0.794008          0.625747
228          0.794008          0.625747
229          0.794008          0.625747
230          0.794008          0.625747
231          0.794008          0.625747
232          0.794008          0.625747
233          0.794008          0.625747
