31.5892
28.9108
27.2809
25.7465
24.2373
23.2146
22.7889
22.215
21.7035
20.7218
20.1015
19.3285
19.2682
19.1367
18.8738
18.618
18.1011
17.6535
17.5673
17.3779
16.7539
16.4106
16.3611
16.251
15.9969
15.7884
15.3975
15.1971
14.9012
14.8865
14.8693
14.8476
14.5499
14.3762
14.2336
14.1078
14.0404
13.8196
13.7749
13.7451
13.5901
13.559
13.559
13.559
13.5575
13.3504
13.169
13.169
13.169
13.169
13.1658
12.8151
11.8125
11.5886
11.5886
11.5886
11.5886
11.5886
11.5886
11.5886
11.5886
11.5885
11.5783
11.529
11.3809
11.3111
11.3085
11.3085
11.3085
11.3085
11.3085
11.3085
11.3085
11.3085
11.3085
11.3085
11.3085
11.3085
11.3085
11.3085
11.3079
11.2417
11.1479
11.1479
11.1479
11.1479
11.1479
11.1479
11.1479
11.1479
11.1479
11.1479
11.1479
11.1479
11.1479
11.1479
11.1479
11.1479
11.1479
11.1479
11.1479
11.1479
11.1479
11.1479
11.1479
11.1479
11.1479
11.1479
11.1479
11.1479
11.1479
11.1479
11.1479
11.1479
11.1479
11.1479
11.1479
11.1479
11.1479
11.1479
11.1479
11.1479
11.1479
11.1479
11.1479
11.1479
11.1479
11.1479
11.1479
11.1479
11.1479
11.1479
11.1479
11.1479
11.1479
11.1479
11.1479
11.1479
11.1479
11.1479
11.1479
11.1479
11.1479
11.1479
11.1479
11.1479
11.1479
11.1479
11.1479
11.1479
11.1479
11.1479
11.1479
11.1479
11.1479
11.1479
11.1479
11.1479
11.1479
11.1479
11.1479
11.1479
11.1479
11.1479
11.1479
11.1479
11.1479
11.1479
11.1479
11.1479
11.1479
11.1479
11.1479
11.1479
11.1479
11.1479
11.1479
11.1479
11.1479
11.1479
11.1479
11.1479
11.1479
11.1479
11.1479
11.1479
11.1479
11.1479
11.1479
11.1479
11.1479
11.1479
11.1479
11.1479
11.1479
11.1479
11.1479
11.1479
11.1479
11.1479
11.1479
11.1479
11.1479
11.1479
11.1479
11.1479
11.1479
11.1479
11.1479
11.1479
11.1479
11.1479
11.1479
11.1479
11.1479
11.1479
11.1479
11.1479
11.1479
11.1479
11.1479
11.1479
11.1479
11.1479
11.1479
11.1479
11.1479
11.1479
11.1479
11.1479
11.1479
11.1479
11.1479
11.1479
11.1479
11.1479
11.1479
11.1479
11.1479
11.1479
11.1479
11.1479
11.1479
11.1479
11.1479
11.1479
11.1479
11.1479
11.1479
11.1479
11.1479
11.1479
11.1479
11.1479
11.1479
11.1479
11.1479
11.1479
11.1479
11.1479
11.1479
11.1479
11.1479
11.1479
11.1479
11.1479
11.1479
11.1479
11.1479
11.1479
11.1479
11.1479
11.1479
11.1479
11.1479
11.1479
11.1479
11.1479
11.1479
11.1479
11.1479
11.1479
11.1479
11.1479
11.1479
11.1479
11.1479
11.1479
11.1479
11.1479
11.1479
11.1479
11.1479
11.1479
11.1479
11.1479
11.1479
11.1479
11.1479
11.1479
11.1479
11.1479
11.1479
11.1479
11.1479
11.1479
11.1479
11.1479
11.1479
11.1479
11.1479
11.1479
11.1479
11.1479
11.1479
11.1479
11.1479
11.1479
11.1479
11.1479
11.1479
11.1479
11.1479
11.1479
11.1479
11.1479
11.1479
11.1479
11.1479
11.1479
11.1479
11.1479
11.1479
11.1479
11.1479
11.1479
11.1479
11.1479
11.1479
11.1479
11.1479
11.1479
11.1479
11.1479
11.1479
11.1479
11.1479
11.1479
11.1479
11.1479
11.1479
11.1479
11.1479
11.1479
11.1479
11.1479
11.1479
11.1479
11.1479
11.1479
11.1479
11.1479
11.1479
11.1479
11.1479
11.1479
11.1479
11.1479
11.1479
11.1479
11.1479
11.1479
11.1479
11.1479
11.1479
11.1479
11.1479
11.1479
11.1479
11.1479
11.1479
11.1479
11.1479
11.1479
11.1479
11.1479
11.1479
11.1479
11.1479
11.1479
11.1479
11.1479
11.1479
11.1479
11.1479
11.1479
11.1479
11.1479
11.1479
11.1479
11.1479
11.1479
11.1479
11.1479
11.1479
11.1479
11.1479
11.1479
11.1479
11.1479
11.1479
11.1479
11.1479
11.1479
11.1479
11.1479
11.1479
11.1479
11.1479
11.1479
11.1479
11.1479
11.1479
11.1479
11.1479
11.1479
11.1479
11.1479
11.1479
11.1479
11.1479
11.1479
11.1479
11.1479
11.1479
11.1479
11.1479
11.1479
11.1479
11.1479
11.1479
11.1479
11.1479
11.1479
11.1479
11.1479
11.1479
11.1479
11.1479
11.1479
11.1479
11.1479
11.1479
11.1479
11.1479
11.1479
11.1479
11.1479
11.1479
11.1479
11.1479
11.1479
11.1479
11.1479
11.1479
11.1479
11.1479
11.1479
11.1479
11.1479
11.1479
11.1479
11.1479
11.1479
11.1479
11.1479
11.1479
11.1479
11.1479
11.1479
11.1479
11.1479
11.1479
11.1479
11.1479
11.1479
11.1479
11.1479
11.1479
11.1479
11.1479
11.1479
11.1479
11.1479
11.1479
11.1479
11.1479
11.1479
11.1479
11.1479
11.1479
11.1479
11.1479
11.1479
11.1479
11.1479
11.1479
11.1479
11.1479
11.1479
11.1479
11.1479
11.1479
11.1479
11.1479
11.1479
11.1479
11.1479
11.1479
11.1479
11.1479
11.1479
11.1479
11.1479
11.1479
11.1479
11.1479
11.1479
11.1479
11.1479
11.1479
11.1479
11.1479
11.1479
11.1479
11.1479
11.1479
11.1479
11.1479
11.1479
11.1479
11.1479
11.1479
11.1479
11.1479
11.1479
11.1479
11.1479
11.1479
11.1479
11.1479
11.1479
11.1479
11.1479
11.1479
11.1479
11.1479
11.1479
11.1479
11.1479
11.1479
11.1479
11.1479
11.1479
11.1479
11.1479
11.1479
11.1479
11.1479
11.1479
11.1479
11.1479
11.1479
11.1479
11.1479
11.1479
11.1479
11.1479
11.1479
11.1479
11.1479
11.1479
11.1479
11.1479
11.1479
11.1479
11.1479
11.1479
11.1479
11.1479
11.1479
11.1479
11.1479
11.1479
11.1479
11.1479
11.1479
11.1479
11.1479
11.1479
11.1479
11.1479
11.1479
11.1479
11.1479
11.1479
11.1479
11.1479
11.1479
11.1479
11.1479
11.1479
11.1479
11.1479
11.1479
11.1479
11.1479
11.1479
11.1479
11.1479
11.1479
11.1479
11.1479
11.1479
11.1479
11.1479
11.1479
11.1479
11.1479
11.1479
11.1479
11.1479
11.1479
11.1479
11.1479
11.1479
11.1479
11.1479
11.1479
11.1479
11.1479
11.1479
11.1479
11.1479
11.1479
11.1479
11.1479
11.1479
11.1479
11.1479
11.1479
11.1479
11.1479
11.1479
11.1479
11.1479
11.1479
11.1479
11.1479
11.1479
11.1479
11.1479
11.1479
11.1479
11.1479
11.1479
11.1479
11.1479
11.1479
11.1479
11.1479
11.1479
11.1479
11.1479
11.1479
11.1479
11.1479
11.1479
11.1479
11.1479
11.1479
11.1479
11.1479
11.1479
11.1479
11.1479
11.1479
11.1479
11.1479
11.1479
11.1479
11.1479
11.1479
11.1479
11.1479
11.1479
11.1479
11.1479
11.1479
11.1479
11.1479
11.1479
11.1479
11.1479
11.1479
11.1479
11.1479
11.1479
11.1479
11.1479
11.1479
11.1479
11.1479
11.1479
11.1479
11.1479
11.1479
11.1479
11.1479
11.1479
11.1479
11.1479
11.1479
11.1479
11.1479
11.1479
11.1479
11.1479
11.1479
11.1479
11.1479
11.1479
11.1479
11.1479
11.1479
11.1479
11.1479
11.1479
11.1479
11.1479
11.1479
11.1479
11.1479
11.1479
11.1479
11.1479
11.1479
11.1479
11.1479
11.1479
11.1479
11.1479
11.1479
11.1479
11.1479
11.1479
11.1479
11.1479
11.1479
11.1479
11.1479
11.1479
11.1479
11.1479
11.1479
11.1479
11.1479
11.1479
11.1479
11.1479
11.1479
11.1479
11.1479
11.1479
11.1479
11.1479
11.1479
11.1479
11.1479
11.1479
11.1479
11.1479
11.1479
11.1479
11.1479
11.1479
11.1479
11.1479
11.1479
11.1479
11.1479
11.1479
11.1479
11.1479
11.1479
11.1479
11.1479
11.1479
11.1479
11.1479
11.1479
11.1479
11.1479
11.1479
11.1479
11.1479
11.1479
11.1479
11.1479
11.1479
11.1479
11.1479
11.1479
11.1479
11.1479
11.1479
11.1479
11.1479
11.1479
11.1479
11.1479
11.1479
11.1479
11.1479
11.1479
11.1479
11.1479
11.1479
11.1479
11.1479
11.1479
11.1479
11.1479
11.1479
11.1479
11.1479
11.1479
11.1479
11.1479
11.1479
11.1479
11.1479
11.1479
11.1479
11.1479
11.1479
11.1479
11.1479
11.1479
11.1479
11.1479
11.1479
11.1479
11.1479
11.1479
11.1479
11.1479
11.1479
11.1479
11.1479
11.1479
11.1479
11.1479
11.1479
11.1479
11.1479
11.1479
11.1479
11.1479
11.1479
11.1479
11.1479
11.1479
11.1479
11.1479
11.1479
11.1479
11.1479
11.1479
11.1479
11.1479
11.1479
11.1479
11.1479
11.1479
11.1479
11.1479
11.1479
11.1479
11.1479
11.1479
11.1479
11.1479
11.1479
11.1479
11.1479
11.1479
11.1479
11.1479
11.1479
11.1479
11.1479
11.1479
11.1479
11.1479
11.1479
11.1479
11.1479
11.1479
11.1479
11.1479
11.1479
11.1479
11.1479
11.1479
11.1479
11.1479
11.1479
11.1479
11.1479
11.1479
11.1479
11.1479
11.1479
11.1479
11.1479
11.1479
11.1479
11.1479
11.1479
11.1479
11.1479
11.1479
11.1479
11.1479
11.1479
11.1479
11.1479
11.1479
11.1479
11.1479
11.1479
11.1479
11.1479
11.1479
11.1479
11.1479
11.1479
11.1479
11.1479
11.1479
11.1479
11.1479
11.1479
11.1479
11.1479
11.1479
11.1479
11.1479
11.1479
11.1479
11.1479
11.1479
11.1479
11.1479
11.1479
11.1479
11.1479
11.1479
11.1479
11.1479
11.1479
11.1479
11.1479
11.1479
11.1479
11.1479
11.1479
11.1479
11.1479
11.1479
11.1479
11.1479
11.1479
11.1479
11.1479
11.1479
11.1479
11.1479
11.1479
11.1479
11.1479
11.1479
11.1479
11.1479
11.1479
11.1479
11.1479
11.1479
11.1479
11.1479
11.1479
11.1479
11.1479
11.1479
11.1479
11.1479
11.1479
11.1479
11.1479
11.1479
11.1479
11.1479
11.1479
11.1479
11.1479
11.1479
11.1479
11.1479
11.1479
11.1479
11.1479
11.1479
11.1479
11.1479
11.1479
11.1479
11.1479
11.1479
11.1479
11.1479
11.1479
11.1479
11.1479
11.1479
11.1479
11.1479
11.1479
11.1479
11.1479
11.1479
11.1479
11.1479
11.1479
11.1479
11.1479
11.1479
11.1479
11.1479
11.1479
11.1479
11.1479
11.1479
11.1479
11.1479
11.1479
11.1479
11.1479
11.1479
11.1479
11.1479
11.1479
11.1479
11.1479
11.1479
11.1479
11.1479
11.1479
11.1479
11.1479
11.1479
11.1479
11.1479
11.1479
11.1479
11.1479
11.1479
11.1479
11.1479
11.1479
11.1479
11.1479
11.1479
11.1479
11.1479
11.1479
11.1479
11.1479
11.1479
11.1479
11.1479
11.1479
11.1479
11.1479
11.1479
11.1479
11.1479
11.1479
11.1479
11.1479
11.1479
11.1479
11.1479
11.1479
11.1479
11.1479
11.1479
11.1479
11.1479
11.1479
11.1479
11.1479
11.1479
11.1479
11.1479
11.1479
11.1479
11.1479
11.1479
11.1479
11.1479
11.1479
11.1479
11.1479
11.1479
11.1479
11.1479
11.1479
11.1479
11.1479
11.1479
11.1479
11.1479
11.1479
11.1479
11.1479
11.1479
11.1479
11.1479
11.1479
11.1479
11.1479
11.1479
11.1479
11.1479
11.1479
11.1479
11.1479
11.1479
11.1479
11.1479
11.1479
11.1479
11.1479
11.1479
11.1479
11.1479
11.1479
11.1479
11.1479
11.1479
11.1479
11.1479
11.1479
11.1479
11.1479
11.1479
11.1479
11.1479
11.1479
11.1479
11.1479
11.1479
11.1479
11.1479
11.1479
11.1479
11.1479
11.1479
11.1479
11.1479
11.1479
11.1479
11.1479
11.1479
11.1479
11.1479
11.1479
11.1479
11.1479
11.1479
11.1479
11.1479
11.1479
11.1479
11.1479
11.1479
11.1479
11.1479
11.1479
11.1479
11.1479
11.1479
11.1479
11.1479
11.1479
11.1479
11.1479
11.1479
11.1479
11.1479
11.1479
11.1479
11.1479
11.1479
11.1479
11.1479
11.1479
11.1479
11.1479
11.1479
11.1479
11.1479
11.1479
11.1479
11.1479
11.1479
11.1479
11.1479
11.1479
11.1479
11.1479
11.1479
11.1479
11.1479
11.1479
11.1479
11.1479
11.1479
11.1479
11.1479
11.1479
11.1479
11.1479
11.1479
11.1479
11.1479
11.1479
11.1479
11.1479
11.1479
11.1479
11.1479
11.1479
11.1479
11.1479
11.1479
11.1479
11.1479
11.1479
11.1479
11.1479
11.1479
11.1479
11.1479
11.1479
11.1479
11.1479
11.1479
11.1479
11.1479
11.1479
11.1479
11.1479
11.1479
11.1479
11.1479
11.1479
11.1479
11.1479
11.1479
11.1479
11.1479
11.1479
11.1479
11.1479
11.1479
11.1479
11.1479
11.1479
11.1479
11.1479
11.1479
11.1479
11.1479
11.1479
11.1479
11.1479
11.1479
11.1479
11.1479
11.1479
11.1479
11.1479
11.1479
11.1479
11.1479
11.1479
11.1479
11.1479
11.1479
11.1479
11.1479
11.1479
11.1479
11.1479
11.1479
11.1479
11.1479
11.1479
11.1479
11.1479
11.1479
11.1479
11.1479
11.1479
11.1479
11.1479
11.1479
11.1479
11.1479
11.1479
11.1479
11.1479
11.1479
11.1479
11.1479
11.1479
11.1479
11.1479
11.1479
11.1479
11.1479
11.1479
11.1479
11.1479
11.1479
11.1479
11.1479
11.1479
11.1479
11.1479
11.1479
11.1479
11.1479
11.1479
11.1479
11.1479
11.1479
11.1479
11.1479
11.1479
11.1479
11.1479
11.1479
11.1479
11.1479
11.1479
11.1479
11.1479
11.1479
11.1479
11.1479
11.1479
11.1479
11.1479
11.1479
11.1479
11.1479
11.1479
11.1479
11.1479
11.1479
11.1479
11.1479
11.1479
11.1479
11.1479
11.1479
11.1479
11.1479
11.1479
11.1479
11.1479
11.1479
11.1479
11.1479
11.1479
11.1479
11.1479
11.1479
11.1479
11.1479
11.1479
11.1479
11.1479
11.1479
11.1479
11.1479
11.1479
11.1479
11.1479
11.1479
11.1479
11.1479
11.1479
11.1479
11.1479
11.1479
11.1479
11.1479
11.1479
11.1479
11.1479
11.1479
11.1479
11.1479
11.1479
11.1479
11.1479
11.1479
11.1479
11.1479
11.1479
11.1479
11.1479
11.1479
11.1479
11.1479
11.1479
11.1479
11.1479
11.1479
11.1479
11.1479
11.1479
11.1479
11.1479
11.1479
11.1479
11.1479
11.1479
11.1479
11.1479
11.1479
11.1479
11.1479
11.1479
11.1479
11.1479
11.1479
11.1479
11.1479
11.1479
11.1479
11.1479
11.1479
11.1479
11.1479
11.1479
11.1479
11.1479
11.1479
11.1479
11.1479
11.1479
11.1479
11.1479
11.1479
11.1479
11.1479
11.1479
11.1479
11.1479
11.1479
11.1479
11.1479
11.1479
11.1479
11.1479
11.1479
11.1479
11.1479
11.1479
11.1479
11.1479
11.1479
11.1479
11.1479
11.1479
11.1479
11.1479
11.1479
11.1479
11.1479
11.1479
11.1479
11.1479
11.1479
11.1479
11.1479
11.1479
11.1479
11.1479
11.1479
11.1479
11.1479
11.1479
11.1479
11.1479
11.1479
11.1479
11.1479
11.1479
11.1479
11.1479
11.1479
11.1479
11.1479
11.1479
11.1479
11.1479
11.1479
11.1479
11.1479
11.1479
11.1479
11.1479
11.1479
11.1479
11.1479
11.1479
11.1479
11.1479
11.1479
11.1479
11.1479
11.1479
11.1479
11.1479
11.1479
11.1479
11.1479
11.1479
11.1479
11.1479
11.1479
11.1479
11.1479
11.1479
11.1479
11.1479
11.1479
11.1479
11.1479
11.1479
11.1479
11.1479
11.1479
11.1479
11.1479
11.1479
11.1479
11.1479
11.1479
11.1479
11.1479
11.1479
11.1479
11.1479
11.1479
11.1479
11.1479
11.1479
11.1479
11.1479
11.1479
11.1479
11.1479
11.1479
11.1479
11.1479
11.1479
11.1479
11.1479
11.1479
11.1479
11.1479
11.1479
11.1479
11.1479
11.1479
11.1479
11.1479
11.1479
11.1479
11.1479
11.1479
11.1479
11.1479
11.1479
11.1479
11.1479
11.1479
11.1479
11.1479
11.1479
11.1479
11.1479
11.1479
11.1479
11.1479
11.1479
11.1479
11.1479
11.1479
11.1479
11.1479
11.1479
11.1479
11.1479
11.1479
11.1479
11.1479
11.1479
11.1479
11.1479
11.1479
11.1479
11.1479
11.1479
11.1479
11.1479
11.1479
11.1479
11.1479
11.1479
11.1479
11.1479
11.1479
11.1479
11.1479
11.1479
11.1479
11.1479
11.1479
11.1479
11.1479
11.1479
11.1479
11.1479
11.1479
11.1479
11.1479
11.1479
11.1479
11.1479
11.1479
11.1479
11.1479
11.1479
11.1479
11.1479
11.1479
11.1479
11.1479
11.1479
11.1479
11.1479
11.1479
11.1479
11.1479
11.1479
11.1479
11.1479
11.1479
11.1479
11.1479
11.1479
11.1479
11.1479
11.1479
11.1479
11.1479
11.1479
11.1479
11.1479
11.1479
11.1479
11.1479
11.1479
11.1479
11.1479
11.1479
11.1479
11.1479
11.1479
11.1479
11.1479
11.1479
11.1479
11.1479
11.1479
11.1479
11.1479
11.1479
11.1479
11.1479
11.1479
11.1479
11.1479
11.1479
11.1479
11.1479
11.1479
11.1479
11.1479
11.1479
11.1479
11.1479
11.1479
11.1479
11.1479
11.1479
11.1479
11.1479
11.1479
11.1479
11.1479
11.1479
11.1479
11.1479
11.1479
11.1479
11.1479
11.1479
11.1479
11.1479
11.1479
11.1479
11.1479
11.1479
11.1479
11.1479
11.1479
11.1479
11.1479
11.1479
11.1479
11.1479
11.1479
11.1479
11.1479
11.1479
11.1479
11.1479
11.1479
11.1479
11.1479
11.1479
11.1479
11.1479
11.1479
11.1479
11.1479
11.1479
11.1479
11.1479
11.1479
11.1479
11.1479
11.1479
11.1479
11.1479
11.1479
11.1479
11.1479
11.1479
11.1479
11.1479
11.1479
11.1479
11.1479
11.1479
11.1479
11.1479
11.1479
11.1479
11.1479
11.1479
11.1479
11.1479
11.1479
11.1479
11.1479
11.1479
11.1479
11.1479
11.1479
11.1479
11.1479
11.1479
11.1479
11.1479
11.1479
11.1479
11.1479
11.1479
11.1479
11.1479
11.1479
11.1479
11.1479
11.1479
11.1479
11.1479
11.1479
11.1479
11.1479
11.1479
11.1479
11.1479
11.1479
11.1479
11.1479
11.1479
11.1479
11.1479
11.1479
11.1479
11.1479
11.1479
11.1479
11.1479
11.1479
11.1479
11.1479
11.1479
11.1479
11.1479
11.1479
11.1479
11.1479
11.1479
11.1479
11.1479
11.1479
11.1479
11.1479
11.1479
11.1479
11.1479
11.1479
11.1479
11.1479
11.1479
11.1479
11.1479
11.1479
11.1479
11.1479
11.1479
11.1479
11.1479
11.1479
11.1479
11.1479
11.1479
11.1479
11.1479
11.1479
11.1479
11.1479
11.1479
11.1479
11.1479
11.1479
11.1479
11.1479
11.1479
11.1479
11.1479
11.1479
11.1479
11.1479
11.1479
11.1479
11.1479
11.1479
11.1479
11.1479
11.1479
11.1479
11.1479
11.1479
11.1479
11.1479
11.1479
11.1479
11.1479
11.1479
11.1479
11.1479
11.1479
11.1479
11.1479
11.1479
11.1479
11.1479
11.1479
11.1479
11.1479
11.1479
11.1479
11.1479
11.1479
11.1479
11.1479
11.1479
11.1479
11.1479
11.1479
11.1479
11.1479
11.1479
11.1479
11.1479
11.1479
11.1479
11.1479
11.1479
11.1479
11.1479
11.1479
11.1479
11.1479
11.1479
11.1479
11.1479
11.1479
11.1479
11.1479
11.1479
11.1479
11.1479
11.1479
11.1479
11.1479
11.1479
11.1479
11.1479
11.1479
11.1479
11.1479
11.1479
11.1479
11.1479
11.1479
11.1479
11.1479
11.1479
11.1479
11.1479
11.1479
11.1479
11.1479
11.1479
11.1479
11.1479
11.1479
11.1479
11.1479
11.1479
11.1479
11.1479
11.1479
11.1479
11.1479
11.1479
11.1479
11.1479
11.1479
11.1479
11.1479
11.1479
11.1479
11.1479
11.1479
11.1479
11.1479
