35.2126
30.7301
27.4303
25.1282
24.0998
22.9892
22.0856
21.9141
20.7667
19.0627
19.0549
19.0234
18.7889
18.4508
18.302
18.0552
18.0219
17.612
16.963
16.886
16.8758
16.8668
16.7555
16.6893
16.6847
16.6704
16.0574
15.4211
15.392
15.2393
14.9912
14.1589
13.5428
13.3441
13.236
13.2086
13.0884
12.8993
12.891
12.862
12.7833
12.4728
12.4046
12.4045
12.4036
12.3829
12.3463
12.3463
12.3461
12.3314
12.3174
11.992
11.3747
11.3747
11.3712
11.1476
10.8
10.8
10.8
10.7962
10.3182
9.86293
9.85957
9.71498
9.55923
9.12873
9.03242
9.03242
9.03242
9.03242
9.03242
9.03213
8.99834
8.96195
8.96188
8.95211
8.94399
8.94399
8.94399
8.94399
8.94192
8.69565
7.12974
6.50976
6.50976
6.50976
6.50976
6.50976
6.50976
6.50976
6.50976
6.50976
6.50976
6.50976
6.50976
6.50976
6.50976
6.50976
6.50976
6.50976
6.50976
6.50976
6.50973
6.5068
6.50416
6.50416
6.50416
6.50416
6.50416
6.50393
6.47477
6.44537
6.44456
6.33824
6.24306
6.24306
6.24306
6.24306
6.24306
6.24306
6.24306
6.24306
6.24306
6.24306
6.24306
6.24306
6.24306
6.24306
6.24306
6.24306
6.24306
6.24306
6.24306
6.24306
6.24306
6.24306
6.24306
6.24306
6.24306
6.24306
6.24306
6.24306
6.24306
6.24306
6.24306
6.24306
6.24306
6.24306
6.24306
6.24306
6.24306
6.24306
6.24306
6.24306
6.24306
6.24306
6.24306
6.24306
6.24306
6.24306
6.24306
6.24306
6.24306
6.24306
6.24306
6.24306
6.24306
6.24306
6.24306
6.24306
6.24306
6.24306
6.24306
6.24306
6.24306
6.24306
6.24306
6.24306
6.24306
6.24306
6.24306
6.24306
6.24306
6.24306
6.24306
6.24306
6.24306
6.24306
6.24306
6.24306
6.24306
6.24306
6.24306
6.24306
6.24306
6.24306
6.24306
6.24306
6.24306
6.24306
6.24306
6.24306
6.24306
6.24306
6.24306
6.24306
6.24306
6.24306
6.24306
6.24306
6.24306
6.24306
6.24306
6.24306
6.24306
6.24306
6.24306
6.24306
6.24306
6.24306
6.24306
6.24306
6.24306
6.24306
6.24306
6.24306
6.24306
6.24306
6.24306
6.24306
6.24306
6.24306
6.24306
6.24306
6.24306
6.24306
6.24306
6.24306
6.24306
6.24306
6.24306
6.24306
6.24306
6.24306
6.24306
6.24306
6.24306
6.24306
6.24306
6.24306
6.24306
6.24306
6.24306
6.24306
6.24306
6.24306
6.24306
6.24306
6.24306
6.24306
6.24306
6.24306
6.24306
6.24306
6.24306
6.24306
6.24306
6.24306
6.24306
6.24306
6.24306
6.24306
6.24306
6.24306
6.24306
6.24306
6.24306
6.24306
6.24306
6.24306
6.24306
6.24306
6.24306
6.24306
6.24306
6.24306
6.24306
6.24306
6.24306
6.24306
6.24306
6.24306
6.24306
6.24306
6.24306
6.24306
6.24306
6.24306
6.24306
6.24306
6.24306
6.24306
6.24306
6.24306
6.24306
6.24306
6.24306
6.24306
6.24306
6.24306
6.24306
6.24306
6.24306
6.24306
6.24306
6.24306
6.24306
6.24306
6.24306
6.24306
6.24306
6.24306
6.24306
6.24306
6.24306
6.24306
6.24306
6.24306
6.24306
6.24306
6.24306
6.24306
6.24306
6.24306
6.24306
6.24306
6.24306
6.24306
6.24306
6.24306
6.24306
6.24306
6.24306
6.24306
6.24306
6.24306
6.24306
6.24306
6.24306
6.24306
6.24306
6.24306
6.24306
6.24306
6.24306
6.24306
6.24306
6.24306
6.24306
6.24306
6.24306
6.24306
6.24306
6.24306
6.24306
6.24306
6.24306
6.24306
6.24306
6.24306
6.24306
6.24306
6.24306
6.24306
6.24306
6.24306
6.24306
6.24306
6.24306
6.24306
6.24306
6.24306
6.24306
6.24306
6.24306
6.24306
6.24306
6.24306
6.24306
6.24306
6.24306
6.24306
6.24306
6.24306
6.24306
6.24306
6.24306
6.24306
6.24306
6.24306
6.24306
6.24306
6.24306
6.24306
6.24306
6.24306
6.24306
6.24306
6.24306
6.24306
6.24306
6.24306
6.24306
6.24306
6.24306
6.24306
6.24306
6.24306
6.24306
6.24306
6.24306
6.24306
6.24306
6.24306
6.24306
6.24306
6.24306
6.24306
6.24306
6.24306
6.24306
6.24306
6.24306
6.24306
6.24306
6.24306
6.24306
6.24306
6.24306
6.24306
6.24306
6.24306
6.24306
6.24306
6.24306
6.24306
6.24306
6.24306
6.24306
6.24306
6.24306
6.24306
6.24306
6.24306
6.24306
6.24306
6.24306
6.24306
6.24306
6.24306
6.24306
6.24306
6.24306
6.24306
6.24306
6.24306
6.24306
6.24306
6.24306
6.24306
6.24306
6.24306
6.24306
6.24306
6.24306
6.24306
6.24306
6.24306
6.24306
6.24306
6.24306
6.24306
6.24306
6.24306
6.24306
6.24306
6.24306
6.24306
6.24306
6.24306
6.24306
6.24306
6.24306
6.24306
6.24306
6.24306
6.24306
6.24306
6.24306
6.24306
6.24306
6.24306
6.24306
6.24306
6.24306
6.24306
6.24306
6.24306
6.24306
6.24306
6.24306
6.24306
6.24306
6.24306
6.24306
6.24306
6.24306
6.24306
6.24306
6.24306
6.24306
6.24306
6.24306
6.24306
6.24306
6.24306
6.24306
6.24306
6.24306
6.24306
6.24306
6.24306
6.24306
6.24306
6.24306
6.24306
6.24306
6.24306
6.24306
6.24306
6.24306
6.24306
6.24306
6.24306
6.24306
6.24306
6.24306
6.24306
6.24306
6.24306
6.24306
6.24306
6.24306
6.24306
6.24306
6.24306
6.24306
6.24306
6.24306
6.24306
6.24306
6.24306
6.24306
6.24306
6.24306
6.24306
6.24306
6.24306
6.24306
6.24306
6.24306
6.24306
6.24306
6.24306
6.24306
6.24306
6.24306
6.24306
6.24306
6.24306
6.24306
6.24306
6.24306
6.24306
6.24306
6.24306
6.24306
6.24306
6.24306
6.24306
6.24306
6.24306
6.24306
6.24306
6.24306
6.24306
6.24306
6.24306
6.24306
6.24306
6.24306
6.24306
6.24306
6.24306
6.24306
6.24306
6.24306
6.24306
6.24306
6.24306
6.24306
6.24306
6.24306
6.24306
6.24306
6.24306
6.24306
6.24306
6.24306
6.24306
6.24306
6.24306
6.24306
6.24306
6.24306
6.24306
6.24306
6.24306
6.24306
6.24306
6.24306
6.24306
6.24306
6.24306
6.24306
6.24306
6.24306
6.24306
6.24306
6.24306
6.24306
6.24306
6.24306
6.24306
6.24306
6.24306
6.24306
6.24306
6.24306
6.24306
6.24306
6.24306
6.24306
6.24306
6.24306
6.24306
6.24306
6.24306
6.24306
6.24306
6.24306
6.24306
6.24306
6.24306
6.24306
6.24306
6.24306
6.24306
6.24306
6.24306
6.24306
6.24306
6.24306
6.24306
6.24306
6.24306
6.24306
6.24306
6.24306
6.24306
6.24306
6.24306
6.24306
6.24306
6.24306
6.24306
6.24306
6.24306
6.24306
6.24306
6.24306
6.24306
6.24306
6.24306
6.24306
6.24306
6.24306
6.24306
6.24306
6.24306
6.24306
6.24306
6.24306
6.24306
6.24306
6.24306
6.24306
6.24306
6.24306
6.24306
6.24306
6.24306
6.24306
6.24306
6.24306
6.24306
6.24306
6.24306
6.24306
6.24306
6.24306
6.24306
6.24306
6.24306
6.24306
6.24306
6.24306
6.24306
6.24306
6.24306
6.24306
6.24306
6.24306
6.24306
6.24306
6.24306
6.24306
6.24306
6.24306
6.24306
6.24306
6.24306
6.24306
6.24306
6.24306
6.24306
6.24306
6.24306
6.24306
6.24306
6.24306
6.24306
6.24306
6.24306
6.24306
6.24306
6.24306
6.24306
6.24306
6.24306
6.24306
6.24306
6.24306
6.24306
6.24306
6.24306
6.24306
6.24306
6.24306
6.24306
6.24306
6.24306
6.24306
6.24306
6.24306
6.24306
6.24306
6.24306
6.24306
6.24306
6.24306
6.24306
6.24306
6.24306
6.24306
6.24306
6.24306
6.24306
6.24306
6.24306
6.24306
6.24306
6.24306
6.24306
6.24306
6.24306
6.24306
6.24306
6.24306
6.24306
6.24306
6.24306
6.24306
6.24306
6.24306
6.24306
6.24306
6.24306
6.24306
6.24306
6.24306
6.24306
6.24306
6.24306
6.24306
6.24306
6.24306
6.24306
6.24306
6.24306
6.24306
6.24306
6.24306
6.24306
6.24306
6.24306
6.24306
6.24306
6.24306
6.24306
6.24306
6.24306
6.24306
6.24306
6.24306
6.24306
6.24306
6.24306
6.24306
6.24306
6.24306
6.24306
6.24306
6.24306
6.24306
6.24306
6.24306
6.24306
6.24306
6.24306
6.24306
6.24306
6.24306
6.24306
6.24306
6.24306
6.24306
6.24306
6.24306
6.24306
6.24306
6.24306
6.24306
6.24306
6.24306
6.24306
6.24306
6.24306
6.24306
6.24306
6.24306
6.24306
6.24306
6.24306
6.24306
6.24306
6.24306
6.24306
6.24306
6.24306
6.24306
6.24306
6.24306
6.24306
6.24306
6.24306
6.24306
6.24306
6.24306
6.24306
6.24306
6.24306
6.24306
6.24306
6.24306
6.24306
6.24306
6.24306
6.24306
6.24306
6.24306
6.24306
6.24306
6.24306
6.24306
6.24306
6.24306
6.24306
6.24306
6.24306
6.24306
6.24306
6.24306
6.24306
6.24306
6.24306
6.24306
6.24306
6.24306
6.24306
6.24306
6.24306
6.24306
6.24306
6.24306
6.24306
6.24306
6.24306
6.24306
6.24306
6.24306
6.24306
6.24306
6.24306
6.24306
6.24306
6.24306
6.24306
6.24306
6.24306
6.24306
6.24306
6.24306
6.24306
6.24306
6.24306
6.24306
6.24306
6.24306
6.24306
6.24306
6.24306
6.24306
6.24306
6.24306
6.24306
6.24306
6.24306
6.24306
6.24306
6.24306
6.24306
6.24306
6.24306
6.24306
6.24306
6.24306
6.24306
6.24306
6.24306
6.24306
6.24306
6.24306
6.24306
6.24306
6.24306
6.24306
6.24306
6.24306
6.24306
6.24306
6.24306
6.24306
6.24306
6.24306
6.24306
6.24306
6.24306
6.24306
6.24306
6.24306
6.24306
6.24306
6.24306
6.24306
6.24306
6.24306
6.24306
6.24306
6.24306
6.24306
6.24306
6.24306
6.24306
6.24306
6.24306
6.24306
6.24306
6.24306
6.24306
6.24306
6.24306
6.24306
6.24306
6.24306
6.24306
6.24306
6.24306
6.24306
6.24306
6.24306
6.24306
6.24306
6.24306
6.24306
6.24306
6.24306
6.24306
6.24306
6.24306
6.24306
6.24306
6.24306
6.24306
6.24306
6.24306
6.24306
6.24306
6.24306
6.24306
6.24306
6.24306
6.24306
6.24306
6.24306
6.24306
6.24306
6.24306
6.24306
6.24306
6.24306
6.24306
6.24306
6.24306
6.24306
6.24306
6.24306
6.24306
6.24306
6.24306
6.24306
6.24306
6.24306
6.24306
6.24306
6.24306
6.24306
6.24306
6.24306
6.24306
6.24306
6.24306
6.24306
6.24306
6.24306
6.24306
6.24306
6.24306
6.24306
6.24306
6.24306
6.24306
6.24306
6.24306
6.24306
6.24306
6.24306
6.24306
6.24306
6.24306
6.24306
6.24306
6.24306
6.24306
6.24306
6.24306
6.24306
6.24306
6.24306
6.24306
6.24306
6.24306
6.24306
6.24306
6.24306
6.24306
6.24306
6.24306
6.24306
6.24306
6.24306
6.24306
6.24306
6.24306
6.24306
6.24306
6.24306
6.24306
6.24306
6.24306
6.24306
6.24306
6.24306
6.24306
6.24306
6.24306
6.24306
6.24306
6.24306
6.24306
6.24306
6.24306
6.24306
6.24306
6.24306
6.24306
6.24306
6.24306
6.24306
6.24306
6.24306
6.24306
6.24306
6.24306
6.24306
6.24306
6.24306
6.24306
6.24306
6.24306
6.24306
6.24306
6.24306
6.24306
6.24306
6.24306
6.24306
6.24306
6.24306
6.24306
6.24306
6.24306
6.24306
6.24306
6.24306
6.24306
6.24306
6.24306
6.24306
6.24306
6.24306
6.24306
6.24306
6.24306
6.24306
6.24306
6.24306
6.24306
6.24306
6.24306
6.24306
6.24306
6.24306
6.24306
6.24306
6.24306
6.24306
6.24306
6.24306
6.24306
6.24306
6.24306
6.24306
6.24306
6.24306
6.24306
6.24306
6.24306
6.24306
6.24306
6.24306
6.24306
6.24306
6.24306
6.24306
6.24306
6.24306
6.24306
6.24306
6.24306
6.24306
6.24306
6.24306
6.24306
6.24306
6.24306
6.24306
6.24306
6.24306
6.24306
6.24306
6.24306
6.24306
6.24306
6.24306
6.24306
6.24306
6.24306
6.24306
6.24306
6.24306
6.24306
6.24306
6.24306
6.24306
6.24306
6.24306
6.24306
6.24306
6.24306
6.24306
6.24306
6.24306
6.24306
6.24306
6.24306
6.24306
6.24306
6.24306
6.24306
6.24306
6.24306
6.24306
6.24306
6.24306
6.24306
6.24306
6.24306
6.24306
6.24306
6.24306
6.24306
6.24306
6.24306
6.24306
6.24306
6.24306
6.24306
6.24306
6.24306
6.24306
6.24306
6.24306
6.24306
6.24306
6.24306
6.24306
6.24306
6.24306
6.24306
6.24306
6.24306
6.24306
6.24306
6.24306
6.24306
6.24306
6.24306
6.24306
6.24306
6.24306
6.24306
6.24306
6.24306
6.24306
6.24306
6.24306
6.24306
6.24306
6.24306
6.24306
6.24306
6.24306
6.24306
6.24306
6.24306
6.24306
6.24306
6.24306
6.24306
6.24306
6.24306
6.24306
6.24306
6.24306
6.24306
6.24306
6.24306
6.24306
6.24306
6.24306
6.24306
6.24306
6.24306
6.24306
6.24306
6.24306
6.24306
6.24306
6.24306
6.24306
6.24306
6.24306
6.24306
6.24306
6.24306
6.24306
6.24306
6.24306
6.24306
6.24306
6.24306
6.24306
6.24306
6.24306
6.24306
6.24306
6.24306
6.24306
6.24306
6.24306
6.24306
6.24306
6.24306
6.24306
6.24306
6.24306
6.24306
6.24306
6.24306
6.24306
6.24306
6.24306
6.24306
6.24306
6.24306
6.24306
6.24306
6.24306
6.24306
6.24306
6.24306
6.24306
6.24306
6.24306
6.24306
6.24306
6.24306
6.24306
6.24306
6.24306
6.24306
6.24306
6.24306
6.24306
6.24306
6.24306
6.24306
6.24306
6.24306
6.24306
6.24306
6.24306
6.24306
6.24306
6.24306
6.24306
6.24306
6.24306
6.24306
6.24306
6.24306
6.24306
6.24306
6.24306
6.24306
6.24306
6.24306
6.24306
6.24306
6.24306
6.24306
6.24306
6.24306
6.24306
6.24306
6.24306
6.24306
6.24306
6.24306
6.24306
6.24306
6.24306
6.24306
6.24306
6.24306
6.24306
6.24306
6.24306
6.24306
6.24306
6.24306
6.24306
6.24306
6.24306
6.24306
6.24306
6.24306
6.24306
6.24306
6.24306
6.24306
6.24306
6.24306
6.24306
6.24306
6.24306
6.24306
6.24306
6.24306
6.24306
6.24306
6.24306
6.24306
6.24306
6.24306
6.24306
6.24306
6.24306
6.24306
6.24306
6.24306
6.24306
6.24306
6.24306
6.24306
6.24306
6.24306
6.24306
6.24306
6.24306
6.24306
6.24306
6.24306
6.24306
6.24306
6.24306
6.24306
6.24306
6.24306
6.24306
6.24306
6.24306
6.24306
6.24306
6.24306
6.24306
6.24306
6.24306
6.24306
6.24306
6.24306
6.24306
6.24306
6.24306
6.24306
6.24306
6.24306
6.24306
6.24306
6.24306
6.24306
6.24306
6.24306
6.24306
6.24306
6.24306
6.24306
6.24306
6.24306
6.24306
6.24306
6.24306
6.24306
6.24306
6.24306
6.24306
6.24306
6.24306
6.24306
6.24306
6.24306
6.24306
6.24306
6.24306
6.24306
6.24306
6.24306
6.24306
6.24306
6.24306
6.24306
6.24306
6.24306
6.24306
6.24306
6.24306
6.24306
6.24306
6.24306
6.24306
6.24306
6.24306
6.24306
6.24306
6.24306
6.24306
6.24306
6.24306
6.24306
6.24306
6.24306
6.24306
6.24306
6.24306
6.24306
6.24306
6.24306
6.24306
6.24306
6.24306
6.24306
6.24306
6.24306
6.24306
6.24306
6.24306
6.24306
6.24306
6.24306
6.24306
6.24306
6.24306
6.24306
6.24306
6.24306
6.24306
6.24306
6.24306
6.24306
6.24306
6.24306
6.24306
6.24306
6.24306
6.24306
6.24306
6.24306
6.24306
6.24306
6.24306
6.24306
6.24306
6.24306
6.24306
6.24306
6.24306
6.24306
6.24306
6.24306
6.24306
6.24306
6.24306
6.24306
6.24306
6.24306
6.24306
6.24306
6.24306
6.24306
6.24306
6.24306
6.24306
6.24306
6.24306
6.24306
6.24306
6.24306
6.24306
6.24306
6.24306
6.24306
6.24306
6.24306
6.24306
6.24306
6.24306
6.24306
6.24306
6.24306
6.24306
6.24306
6.24306
6.24306
6.24306
6.24306
6.24306
6.24306
6.24306
6.24306
6.24306
6.24306
6.24306
6.24306
6.24306
6.24306
6.24306
6.24306
6.24306
6.24306
6.24306
6.24306
6.24306
6.24306
6.24306
6.24306
6.24306
6.24306
6.24306
6.24306
6.24306
6.24306
6.24306
6.24306
6.24306
6.24306
6.24306
6.24306
6.24306
6.24306
6.24306
6.24306
6.24306
6.24306
6.24306
6.24306
6.24306
6.24306
6.24306
6.24306
6.24306
6.24306
6.24306
6.24306
6.24306
6.24306
6.24306
6.24306
6.24306
6.24306
6.24306
6.24306
6.24306
6.24306
6.24306
6.24306
6.24306
6.24306
6.24306
6.24306
6.24306
6.24306
6.24306
6.24306
6.24306
6.24306
6.24306
6.24306
6.24306
6.24306
6.24306
6.24306
6.24306
6.24306
6.24306
6.24306
6.24306
6.24306
6.24306
6.24306
6.24306
6.24306
6.24306
6.24306
6.24306
6.24306
6.24306
6.24306
6.24306
6.24306
6.24306
6.24306
6.24306
6.24306
6.24306
6.24306
6.24306
6.24306
6.24306
6.24306
6.24306
6.24306
6.24306
6.24306
6.24306
6.24306
6.24306
6.24306
6.24306
6.24306
6.24306
6.24306
6.24306
6.24306
6.24306
6.24306
6.24306
6.24306
6.24306
6.24306
6.24306
6.24306
6.24306
6.24306
6.24306
6.24306
6.24306
6.24306
6.24306
6.24306
6.24306
6.24306
6.24306
6.24306
6.24306
6.24306
6.24306
6.24306
6.24306
6.24306
6.24306
6.24306
6.24306
6.24306
6.24306
6.24306
6.24306
6.24306
6.24306
6.24306
6.24306
6.24306
6.24306
6.24306
6.24306
6.24306
6.24306
6.24306
6.24306
6.24306
6.24306
6.24306
6.24306
6.24306
6.24306
6.24306
6.24306
6.24306
6.24306
6.24306
6.24306
6.24306
6.24306
6.24306
6.24306
6.24306
6.24306
6.24306
6.24306
6.24306
6.24306
6.24306
6.24306
6.24306
6.24306
6.24306
6.24306
6.24306
6.24306
6.24306
6.24306
6.24306
6.24306
6.24306
6.24306
6.24306
6.24306
6.24306
6.24306
6.24306
6.24306
6.24306
6.24306
6.24306
6.24306
6.24306
6.24306
6.24306
6.24306
6.24306
6.24306
6.24306
6.24306
6.24306
6.24306
6.24306
6.24306
6.24306
6.24306
6.24306
6.24306
6.24306
6.24306
6.24306
6.24306
6.24306
6.24306
6.24306
6.24306
6.24306
6.24306
6.24306
6.24306
6.24306
6.24306
6.24306
6.24306
6.24306
6.24306
6.24306
6.24306
6.24306
6.24306
6.24306
6.24306
6.24306
6.24306
6.24306
6.24306
6.24306
6.24306
6.24306
6.24306
6.24306
6.24306
6.24306
6.24306
6.24306
6.24306
6.24306
6.24306
6.24306
6.24306
6.24306
6.24306
6.24306
6.24306
6.24306
6.24306
6.24306
6.24306
6.24306
6.24306
6.24306
6.24306
6.24306
6.24306
6.24306
6.24306
6.24306
6.24306
6.24306
6.24306
6.24306
6.24306
6.24306
6.24306
6.24306
6.24306
6.24306
6.24306
6.24306
6.24306
6.24306
6.24306
6.24306
6.24306
6.24306
6.24306
6.24306
6.24306
6.24306
6.24306
6.24306
6.24306
6.24306
6.24306
6.24306
6.24306
6.24306
6.24306
6.24306
6.24306
6.24306
6.24306
6.24306
6.24306
6.24306
6.24306
6.24306
6.24306
6.24306
6.24306
6.24306
6.24306
6.24306
6.24306
6.24306
6.24306
6.24306
6.24306
6.24306
6.24306
6.24306
6.24306
6.24306
6.24306
6.24306
6.24306
6.24306
6.24306
6.24306
6.24306
6.24306
6.24306
6.24306
6.24306
6.24306
6.24306
6.24306
6.24306
6.24306
6.24306
6.24306
6.24306
6.24306
6.24306
6.24306
6.24306
6.24306
