           1     1.59288     1.59288           0
           2     1.65314     1.62301    0.021304
           3     1.69658     1.64753   0.0245481
           4     1.61788     1.64012   0.0194985
           5     1.65478     1.64305   0.0158176
           6     1.65321     1.64474   0.0132716
           7     1.65278     1.64589   0.0114253
           8     1.56951     1.63634   0.0134057
           9     1.70582     1.64406   0.0139632
          10     1.66766     1.64642   0.0127647
          11      1.5842     1.64077   0.0127964
          12     1.64063     1.64076     0.01173
          13     1.64431     1.64103   0.0108309
          14     1.69548     1.64492    0.010733
          15     1.58363     1.64083   0.0107671
          16     1.64676      1.6412   0.0101005
          17     1.66245     1.64245  0.00958342
          18     1.64689      1.6427  0.00905417
          19     1.66866     1.64407  0.00868015
          20     1.59121     1.64142  0.00863914
          21     1.65504     1.64207  0.00825205
          22     1.63715     1.64185  0.00787999
          23     1.64007     1.64177  0.00753776
          24     1.65745     1.64242  0.00725195
          25     1.64856     1.64267  0.00696603
          26     1.64963     1.64294  0.00670324
          27     1.60976     1.64171  0.00656661
          28     1.61366     1.64071  0.00640803
          29     1.62326     1.64011  0.00621525
          30     1.65169     1.64049  0.00602006
          31     1.63226     1.64023  0.00583171
          32     1.70069     1.64212  0.00594767
          33     1.64502      1.6422  0.00576809
          34     1.71256     1.64427  0.00595805
          35     1.68637     1.64548  0.00590797
          36     1.63433     1.64517  0.00575196
          37     1.62457     1.64461  0.00562338
          38     1.66413     1.64512  0.00549881
          39     1.65256     1.64531  0.00536112
          40      1.6256     1.64482  0.00524971
          41     1.66195     1.64524  0.00513826
          42      1.6499     1.64535  0.00501712
          43     1.62234     1.64481  0.00492889
          44     1.63165     1.64452  0.00482594
          45     1.68672     1.64545  0.00480897
          46     1.60946     1.64467  0.00476766
          47     1.65628     1.64492  0.00467262
          48     1.66525     1.64534  0.00459444
          49     1.67017     1.64585  0.00452854
          50     1.70258     1.64698   0.0045779
          51     1.64507     1.64695  0.00448829
          52     1.59479     1.64594  0.00451266
          53     1.62619     1.64557  0.00444288
          54     1.65369     1.64572  0.00436315
          55     1.66783     1.64612   0.0043023
          56     1.63901       1.646  0.00422735
          57      1.6402     1.64589  0.00415441
          58     1.63455      1.6457  0.00408738
          59     1.62049     1.64527  0.00404037
          60     1.67011     1.64568  0.00399418
          61     1.65076     1.64577  0.00392957
          62     1.63121     1.64553   0.0038732
          63     1.61096     1.64498   0.0038504
          64     1.63436     1.64482  0.00379381
          65     1.64302     1.64479  0.00373555
          66       1.625     1.64449  0.00369096
          67     1.68088     1.64503  0.00367563
          68     1.61163     1.64454  0.00365425
          69     1.62207     1.64422  0.00361578
          70     1.68032     1.64473  0.00360072
          71     1.64586     1.64475  0.00355004
          72     1.62226     1.64444  0.00351445
          73     1.65281     1.64455  0.00346818
          74     1.61065     1.64409  0.00345143
          75     1.62204      1.6438  0.00341792
          76     1.67793     1.64425  0.00340231
          77     1.66748     1.64455  0.00337148
          78     1.66745     1.64484  0.00334102
          79     1.64888     1.64489  0.00329912
          80     1.61833     1.64456  0.00327455
          81     1.59439     1.64394  0.00329219
          82     1.61145     1.64355   0.0032758
          83     1.62166     1.64328  0.00324693
          84     1.64151     1.64326  0.00320834
          85     1.63747     1.64319  0.00317132
          86     1.69731     1.64382  0.00319625
          87     1.64456     1.64383  0.00315953
          88     1.59299     1.64325    0.003176
          89      1.6712     1.64357  0.00315581
          90      1.6373      1.6435  0.00312151
          91     1.66291     1.64371  0.00309449
          92     1.61462      1.6434  0.00307697
          93     1.62028     1.64315  0.00305391
          94     1.64923     1.64321   0.0030221
          95     1.64304     1.64321  0.00299029
          96     1.65755     1.64336  0.00296287
          97     1.59172     1.64283  0.00297977
          98     1.67227     1.64313  0.00296448
          99      1.6535     1.64323  0.00293638
         100     1.68153     1.64361  0.00293188
