           1     1.06192     1.06192           0
           2     1.10209     1.08201   0.0142027
           3     1.13105     1.09836   0.0163654
           4     1.07859     1.09341    0.012999
           5     1.10318     1.09537   0.0105451
           6     1.10214      1.0965  0.00884776
           7     1.10186     1.09726  0.00761684
           8     1.04634      1.0909  0.00893711
           9     1.13722     1.09604  0.00930882
          10     1.11177     1.09762  0.00850981
          11     1.05613     1.09384  0.00853092
          12     1.09375     1.09384  0.00782001
          13      1.0962     1.09402   0.0072206
          14     1.13032     1.09661  0.00715534
          15     1.05576     1.09389  0.00717806
          16     1.09784     1.09414  0.00673368
          17      1.1083     1.09497  0.00638895
          18     1.09793     1.09513  0.00603612
          19     1.11244     1.09604  0.00578677
          20     1.06081     1.09428  0.00575943
          21     1.10336     1.09471  0.00550137
          22     1.09143     1.09457  0.00525333
          23     1.09338     1.09451  0.00502517
          24     1.10497     1.09495  0.00483464
          25     1.09904     1.09511  0.00464402
          26     1.09975     1.09529  0.00446883
          27     1.07318     1.09447  0.00437774
          28     1.07578      1.0938  0.00427202
          29     1.08217      1.0934   0.0041435
          30     1.10113     1.09366  0.00401337
          31     1.08818     1.09348   0.0038878
          32     1.13379     1.09474  0.00396511
          33     1.09668      1.0948  0.00384539
          34     1.14171     1.09618  0.00397204
          35     1.12425     1.09698  0.00393865
          36     1.08955     1.09678  0.00383464
          37     1.08305     1.09641  0.00374892
          38     1.10942     1.09675  0.00366587
          39     1.10171     1.09688  0.00357408
          40     1.08373     1.09655   0.0034998
          41     1.10797     1.09683  0.00342551
          42     1.09993      1.0969  0.00334475
          43     1.08156     1.09654  0.00328593
          44     1.08777     1.09634  0.00321729
          45     1.12448     1.09697  0.00320598
          46     1.07297     1.09645  0.00317844
          47     1.10419     1.09661  0.00311508
          48     1.11017     1.09689  0.00306296
          49     1.11345     1.09723  0.00301902
          50     1.13505     1.09799  0.00305193
          51     1.09672     1.09796  0.00299219
          52     1.06319     1.09729  0.00300844
          53     1.08413     1.09705  0.00296192
          54     1.10246     1.09715  0.00290877
          55     1.11189     1.09741   0.0028682
          56     1.09267     1.09733  0.00281823
          57     1.09347     1.09726  0.00276961
          58      1.0897     1.09713  0.00272492
          59     1.08033     1.09685  0.00269358
          60     1.11341     1.09712  0.00266279
          61     1.10051     1.09718  0.00261971
          62     1.08747     1.09702  0.00258213
          63     1.07398     1.09666  0.00256693
          64     1.08957     1.09655  0.00252921
          65     1.09535     1.09653  0.00249037
          66     1.08333     1.09633  0.00246064
          67     1.12059     1.09669  0.00245042
          68     1.07442     1.09636  0.00243616
          69     1.08138     1.09614  0.00241052
          70     1.12022     1.09649  0.00240048
          71     1.09724      1.0965   0.0023667
          72     1.08151     1.09629  0.00234297
          73     1.10187     1.09637  0.00231212
          74     1.07377     1.09606  0.00230095
          75     1.08136     1.09587  0.00227861
          76     1.11862     1.09617  0.00226821
          77     1.11165     1.09637  0.00224765
          78     1.11164     1.09656  0.00222734
          79     1.09925      1.0966  0.00219941
          80     1.07888     1.09637  0.00218303
          81     1.06293     1.09596  0.00219479
          82      1.0743      1.0957  0.00218386
          83      1.0811     1.09552  0.00216462
          84     1.09434     1.09551   0.0021389
          85     1.09165     1.09546  0.00211421
          86     1.13154     1.09588  0.00213084
          87     1.09638     1.09589  0.00210635
          88     1.06199      1.0955  0.00211734
          89     1.11414     1.09571  0.00210387
          90     1.09153     1.09567  0.00208101
          91     1.10861     1.09581  0.00206299
          92     1.07641      1.0956  0.00205131
          93     1.08019     1.09543  0.00203594
          94     1.09948     1.09547  0.00201474
          95     1.09536     1.09547  0.00199353
          96     1.10503     1.09557  0.00197525
          97     1.06114     1.09522  0.00198652
          98     1.11485     1.09542  0.00197632
          99     1.10233     1.09549  0.00195759
         100     1.12102     1.09574  0.00195459
