           1    -4.96831    -4.96831           0
           2    -5.03111    -4.99971   0.0222052
           3    -5.07765    -5.02569   0.0258668
           4    -4.99591    -5.01825   0.0204435
           5    -5.03389    -5.02137   0.0165926
           6    -5.03486    -5.02362   0.0139785
           7    -5.03042    -5.02459   0.0120152
           8    -4.94535    -5.01469   0.0140138
           9    -5.08329    -5.02231   0.0143814
          10    -5.04667    -5.02475    0.013148
          11    -4.96101    -5.01895   0.0131676
          12    -5.01845    -5.01891   0.0120703
          13    -5.02357    -5.01927   0.0111472
          14      -5.075    -5.02325   0.0110389
          15      -4.961     -5.0191   0.0110556
          16    -5.02522    -5.01948   0.0103712
          17    -5.04005    -5.02069  0.00983148
          18     -5.0233    -5.02084  0.00928635
          19    -5.04784    -5.02226  0.00890569
          20    -4.96728    -5.01951  0.00887447
          21    -5.03421    -5.02021  0.00847945
          22    -5.01472    -5.01996  0.00809769
          23     -5.0197    -5.01995  0.00774562
          24    -5.03546     -5.0206   0.0074498
          25    -5.02836    -5.02091  0.00715828
          26    -5.02724    -5.02115   0.0068871
          27    -4.98804    -5.01992  0.00674033
          28    -4.99032    -5.01887  0.00658201
          29    -4.99918    -5.01819  0.00638997
          30    -5.02896    -5.01855  0.00618705
          31     -5.0105    -5.01829  0.00599291
          32     -5.0804    -5.02023  0.00611187
          33    -5.02286    -5.02031  0.00592718
          34     -5.0914     -5.0224  0.00611051
          35     -5.0668    -5.02367  0.00606619
          36    -5.01114    -5.02332  0.00590765
          37    -5.00223    -5.02275  0.00577542
          38    -5.04204    -5.02326  0.00564571
          39    -5.03111    -5.02346  0.00550453
          40    -5.00289    -5.02294  0.00539087
          41    -5.03944    -5.02335  0.00527438
          42    -5.02833    -5.02347  0.00515014
          43    -4.99863    -5.02289  0.00506265
          44    -5.00833    -5.02256  0.00495839
          45    -5.06698    -5.02354  0.00494547
          46    -4.98722    -5.02275  0.00490059
          47    -5.03281    -5.02297  0.00480098
          48     -5.0415    -5.02335  0.00471646
          49     -5.0476    -5.02385  0.00464609
          50    -5.08402    -5.02505  0.00470645
          51    -5.02197    -5.02499  0.00461455
          52    -4.97106    -5.02396  0.00464088
          53    -5.00593    -5.02361  0.00456577
          54    -5.03178    -5.02377  0.00448372
          55    -5.04766     -5.0242   0.0044232
          56    -5.01849     -5.0241  0.00434539
          57    -5.01807    -5.02399  0.00427044
          58     -5.0139    -5.02382  0.00420035
          59    -4.99747    -5.02337  0.00415284
          60    -5.04883     -5.0238  0.00410524
          61    -5.02783    -5.02386  0.00403847
          62     -5.0087    -5.02362  0.00398073
          63    -4.98875    -5.02306  0.00395584
          64     -5.0104    -5.02287  0.00389898
          65    -5.02077    -5.02283  0.00383912
          66    -5.00291    -5.02253  0.00379281
          67    -5.06201    -5.02312  0.00378169
          68    -4.99033    -5.02264   0.0037567
          69    -4.99962    -5.02231  0.00371703
          70    -5.05851    -5.02282  0.00369974
          71    -5.02273    -5.02282  0.00364763
          72    -5.00091    -5.02252  0.00360965
          73    -5.03099    -5.02263  0.00356206
          74    -4.98814    -5.02217   0.0035443
          75    -4.99951    -5.02187  0.00350989
          76    -5.05536    -5.02231  0.00349128
          77    -5.04882    -5.02265  0.00346287
          78    -5.04863    -5.02298  0.00343446
          79    -5.02754    -5.02304  0.00339147
          80    -4.99992    -5.02275  0.00336136
          81    -4.97287    -5.02214  0.00337581
          82    -4.98966    -5.02174  0.00335779
          83    -5.00029    -5.02148  0.00332727
          84    -5.02082    -5.02147  0.00328766
          85    -5.01469    -5.02139  0.00324996
          86    -5.07531    -5.02202  0.00327207
          87     -5.0232    -5.02203  0.00323449
          88    -4.97103    -5.02145  0.00324925
          89    -5.05207     -5.0218   0.0032309
          90    -5.01606    -5.02174  0.00319563
          91    -5.04345    -5.02197  0.00316941
          92    -4.99214    -5.02165  0.00315151
          93    -4.99859     -5.0214  0.00312736
          94     -5.0287    -5.02148  0.00309506
          95    -5.02218    -5.02149  0.00306249
          96    -5.03618    -5.02164  0.00303441
          97    -4.96972     -5.0211  0.00304997
          98    -5.05252    -5.02142  0.00303565
          99    -5.03195    -5.02153  0.00300685
         100    -5.06061    -5.02192  0.00300207
