           1    -3.37543    -3.37543           0
           2    -3.37798     -3.3767 0.000901128
           3    -3.38107    -3.37816  0.00133277
           4    -3.37803    -3.37813 0.000999947
           5    -3.37911    -3.37832 0.000819247
           6    -3.38165    -3.37888 0.000849631
           7    -3.37764     -3.3787 0.000746573
           8    -3.37584    -3.37834  0.00073395
           9    -3.37747    -3.37825 0.000658787
          10    -3.37901    -3.37832 0.000597358
          11    -3.37681    -3.37819 0.000558621
          12    -3.37782    -3.37815 0.000512909
          13    -3.37926    -3.37824 0.000480456
          14    -3.37952    -3.37833 0.000454722
          15    -3.37737    -3.37827 0.000428919
          16    -3.37846    -3.37828 0.000402281
          17     -3.3776    -3.37824 0.000380617
          18    -3.37641    -3.37814 0.000372781
          19    -3.37918    -3.37819 0.000357158
          20    -3.37608    -3.37809 0.000354615
          21    -3.37917    -3.37814 0.000341494
          22    -3.37758    -3.37811 0.000326921
          23    -3.37963    -3.37818 0.000319323
          24    -3.37801    -3.37817 0.000306098
          25     -3.3798    -3.37824 0.000300679
          26    -3.37762    -3.37821 0.000290061
          27    -3.37828    -3.37821 0.000279328
          28    -3.37666    -3.37816 0.000274845
          29    -3.37592    -3.37808 0.000276007
          30    -3.37728    -3.37805 0.000268112
          31    -3.37824    -3.37806 0.000259529
          32    -3.37971    -3.37811 0.000256487
          33    -3.37784     -3.3781  0.00024885
          34    -3.37884    -3.37813 0.000242465
          35    -3.38043    -3.37819 0.000244342
          36    -3.37681    -3.37815 0.000240539
          37    -3.37766    -3.37814 0.000234407
          38    -3.37791    -3.37813 0.000228316
          39    -3.37855    -3.37814 0.000222706
          40     -3.3773    -3.37812 0.000218142
          41    -3.37749    -3.37811 0.000213361
          42    -3.37843    -3.37812 0.000208423
          43    -3.37629    -3.37807 0.000207868
          44    -3.37668    -3.37804 0.000205535
          45    -3.38026    -3.37809  0.00020677
          46    -3.37777    -3.37808 0.000202396
          47    -3.37652    -3.37805 0.000200797
          48    -3.37624    -3.37801 0.000200118
          49    -3.37743      -3.378 0.000196387
          50    -3.38144    -3.37807 0.000204166
          51    -3.37689    -3.37805 0.000201458
          52    -3.37628    -3.37801 0.000200438
          53    -3.37974    -3.37805  0.00019929
          54    -3.37809    -3.37805 0.000195601
          55    -3.37983    -3.37808 0.000194719
          56    -3.37948     -3.3781 0.000192854
          57    -3.37787     -3.3781 0.000189515
          58    -3.37935    -3.37812 0.000187468
          59    -3.37698     -3.3781 0.000185292
          60    -3.37872    -3.37811 0.000182486
          61    -3.37706    -3.37809 0.000180303
          62    -3.37749    -3.37808 0.000177657
          63    -3.37778    -3.37808 0.000174902
          64    -3.37605    -3.37805 0.000175029
          65    -3.37775    -3.37804 0.000172396
          66    -3.37791    -3.37804 0.000169796
          67    -3.38113    -3.37809 0.000173386
          68    -3.37869     -3.3781 0.000171066
          69    -3.37756    -3.37809 0.000168765
          70    -3.37819    -3.37809  0.00016636
          71    -3.37687    -3.37807 0.000164896
          72    -3.37865    -3.37808 0.000162798
          73    -3.37818    -3.37808 0.000160574
          74    -3.37748    -3.37807 0.000158609
          75    -3.37747    -3.37807 0.000156696
          76    -3.37744    -3.37806 0.000154851
          77    -3.38134     -3.3781 0.000158595
          78    -3.38118    -3.37814 0.000161386
          79    -3.37866    -3.37815 0.000159478
          80     -3.3816    -3.37819 0.000163214
          81    -3.37848    -3.37819 0.000161237
          82    -3.37821    -3.37819 0.000159271
          83    -3.37863     -3.3782 0.000157441
          84    -3.37931    -3.37821 0.000156124
          85    -3.37722     -3.3782 0.000154726
          86      -3.378     -3.3782 0.000152944
          87    -3.37864     -3.3782 0.000151269
          88    -3.37804     -3.3782 0.000149562
          89    -3.38087    -3.37823 0.000150854
          90    -3.37876    -3.37824 0.000149291
          91    -3.38054    -3.37826 0.000149776
          92    -3.37752    -3.37825 0.000148365
          93    -3.37831    -3.37825 0.000146771
          94    -3.37947    -3.37827 0.000145781
          95    -3.37914    -3.37828 0.000144532
          96    -3.37863    -3.37828 0.000143075
          97      -3.378    -3.37828 0.000141629
          98    -3.38025     -3.3783 0.000141608
          99    -3.37845     -3.3783 0.000140186
         100    -3.37908    -3.37831 0.000139003
