           1     2.36741     2.36741           0
           2     2.16526     2.26633   0.0714703
           3     2.05032     2.19433   0.0756744
           4     2.17987     2.19071    0.056842
           5     2.05834     2.16424   0.0512694
           6     1.99095     2.13536   0.0502044
           7     1.95253     2.10924   0.0493608
           8     2.69536     2.18251   0.0810073
           9     1.99797       2.162   0.0745562
          10     1.86812     2.13261   0.0726622
          11     2.35764     2.15307   0.0688759
          12     2.06746     2.14594   0.0635047
          13     2.18869     2.14922   0.0587048
          14      1.8979     2.13127   0.0571905
          15     2.31096     2.14325    0.054618
          16      2.1161     2.14156   0.0512307
          17     2.14556     2.14179   0.0482177
          18     2.14028     2.14171    0.045539
          19     2.03666     2.13618   0.0434765
          20     2.43207     2.15097   0.0437476
          21      2.0902     2.14808     0.04176
          22     2.28492      2.1543   0.0403224
          23     2.25012     2.15847   0.0387839
          24     2.14514     2.15791   0.0371719
          25     2.05967     2.15398   0.0358921
          26     2.07183     2.15082   0.0346504
          27     2.33819     2.15776   0.0340549
          28     2.21416     2.15978   0.0328981
          29     2.27508     2.16375   0.0320031
          30      2.2477     2.16655   0.0310584
          31     2.22429     2.16841   0.0301123
          32     2.07641     2.16554   0.0293082
          33     2.22439     2.16732   0.0284743
          34     1.84837     2.15794   0.0291411
          35     1.90496     2.15071   0.0291912
          36     2.11167     2.14963   0.0284004
          37     2.29785     2.15363    0.027914
          38     2.06475     2.15129   0.0272772
          39     2.03299     2.14826   0.0267459
          40     2.09735     2.14699   0.0261076
          41     2.13956     2.14681   0.0254714
          42      2.1406     2.14666   0.0248654
          43     2.16791     2.14715    0.024292
          44     2.38225      2.1525   0.0243205
          45     1.91899     2.14731   0.0243273
          46     2.31643     2.15098   0.0240747
          47      2.2007     2.15204   0.0235857
          48     2.06991     2.15033   0.0231563
          49     2.08432     2.14898   0.0227228
          50       1.792     2.14184   0.0233632
          51     2.17836     2.14256    0.022916
          52     2.34677     2.14649   0.0228093
          53     2.16643     2.14686   0.0223821
          54     2.18158     2.14751   0.0219768
          55     2.05647     2.14585   0.0216395
          56     2.05621     2.14425   0.0213122
          57     2.27664     2.14657   0.0210645
          58     2.18919     2.14731   0.0207141
          59     2.32124     2.15026   0.0205717
          60     2.04973     2.14858    0.020297
          61     2.22888      2.1499   0.0200069
          62     2.38211     2.15364   0.0200317
          63     2.22338     2.15475   0.0197443
          64     2.18829     2.15527   0.0194427
          65     2.09338     2.15432   0.0191669
          66     2.15495     2.15433   0.0188765
          67     1.88484     2.15031   0.0190185
          68     2.25512     2.15185   0.0188011
          69     2.22399     2.15289   0.0185577
          70     2.06457     2.15163   0.0183354
          71     2.19895      2.1523   0.0180893
          72     2.17177     2.15257   0.0178401
          73      2.1657     2.15275   0.0175966
          74     2.31483     2.15494   0.0174946
          75     2.29815     2.15685   0.0173652
          76       1.876     2.15315   0.0175255
          77     1.89503      2.1498   0.0176156
          78     1.95531     2.14731   0.0175654
          79     2.01869     2.14568   0.0174183
          80      2.2303     2.14674   0.0172327
          81     2.43886     2.15034   0.0173932
          82     2.37039     2.15303   0.0173869
          83     2.15517     2.15305   0.0171774
          84     2.21917     2.15384   0.0169909
          85     2.21906     2.15461   0.0168084
          86     1.90918     2.15175   0.0168534
          87      2.2808     2.15324   0.0167249
          88     2.39383     2.15597   0.0167568
          89     1.92658     2.15339   0.0167656
          90     2.39323     2.15606   0.0167897
          91     2.18471     2.15637   0.0166082
          92      2.4117     2.15915   0.0166579
          93     2.28807     2.16054   0.0165364
          94     2.03843     2.15924   0.0164114
          95     2.15255     2.15917   0.0162388
          96     2.12645     2.15882   0.0160732
          97     2.28625     2.16014   0.0159611
          98     2.06008     2.15912   0.0158309
          99      2.2118     2.15965   0.0156799
         100     2.11752     2.15923   0.0155288
