           1        1.98
           2     1.97998
           3     1.97993
           4     1.97983
           5      1.9797
           6     1.97954
           7     1.97934
           8     1.97909
           9     1.97882
          10      1.9785
          11     1.97815
          12     1.97776
          13     1.97733
          14     1.97686
          15     1.97635
          16      1.9758
          17     1.97521
          18     1.97458
          19     1.97391
          20      1.9732
          21     1.97245
          22     1.97165
          23      1.9708
          24     1.96992
          25     1.96898
          26       1.968
          27     1.96697
          28      1.9659
          29     1.96477
          30      1.9636
          31     1.96237
          32     1.96109
          33     1.95975
          34     1.95837
          35     1.95692
          36     1.95542
          37     1.95386
          38     1.95224
          39     1.95056
          40     1.94882
          41     1.94701
          42     1.94513
          43     1.94319
          44     1.94118
          45      1.9391
          46     1.93695
          47     1.93472
          48     1.93242
          49     1.93003
          50     1.92757
          51     1.92503
          52      1.9224
          53     1.91969
          54     1.91688
          55     1.91399
          56     1.91101
          57     1.90793
          58     1.90475
          59     1.90148
          60      1.8981
          61     1.89462
          62     1.89103
          63     1.88734
          64     1.88353
          65     1.87961
          66     1.87558
          67     1.87143
          68     1.86716
          69     1.86276
          70     1.85824
          71      1.8536
          72     1.84882
          73     1.84391
          74     1.83887
          75      1.8337
          76     1.82838
          77     1.82293
          78     1.81733
          79     1.81159
          80      1.8057
          81     1.79967
          82     1.79348
          83     1.78715
          84     1.78066
          85     1.77402
          86     1.76723
          87     1.76028
          88     1.75318
          89     1.74591
          90      1.7385
          91     1.73092
          92     1.72318
          93     1.71529
          94     1.70725
          95     1.69905
          96     1.69069
          97     1.68218
          98     1.67352
          99     1.66471
         100     1.65575
         101     1.64665
         102      1.6374
         103     1.62802
         104      1.6185
         105     1.60885
         106     1.59907
         107     1.58917
         108     1.57915
         109     1.56902
         110     1.55879
         111     1.54845
         112     1.53802
         113     1.52751
         114     1.51691
         115     1.50624
         116     1.49551
         117     1.48473
         118     1.47389
         119     1.46302
         120     1.45212
         121     1.44119
         122     1.43026
         123     1.41933
         124      1.4084
         125     1.39749
         126     1.38661
         127     1.37576
         128     1.36497
         129     1.35423
         130     1.34356
         131     1.33297
         132     1.32247
         133     1.31206
         134     1.30177
         135     1.29158
         136     1.28153
         137     1.27161
         138     1.26183
         139      1.2522
         140     1.24273
         141     1.23343
         142     1.22431
         143     1.21536
         144     1.20661
         145     1.19805
         146     1.18969
         147     1.18153
         148     1.17359
         149     1.16586
         150     1.15835
         151     1.15107
         152       1.144
         153     1.13717
         154     1.13057
         155      1.1242
         156     1.11807
         157     1.11217
         158     1.10651
         159     1.10108
         160      1.0959
         161     1.09094
         162     1.08622
         163     1.08174
         164     1.07749
         165     1.07347
         166     1.06967
         167      1.0661
         168     1.06276
         169     1.05963
         170     1.05672
         171     1.05402
         172     1.05153
         173     1.04924
         174     1.04716
         175     1.04526
         176     1.04357
         177     1.04205
         178     1.04072
         179     1.03957
         180     1.03859
         181     1.03777
         182     1.03711
         183     1.03661
         184     1.03626
         185     1.03605
         186     1.03598
         187     1.03605
         188     1.03624
         189     1.03655
         190     1.03698
         191     1.03752
         192     1.03816
         193      1.0389
         194     1.03974
         195     1.04067
         196     1.04167
         197     1.04276
         198     1.04392
         199     1.04514
         200     1.04643
         201     1.04777
         202     1.04916
         203      1.0506
         204     1.05208
         205      1.0536
         206     1.05516
         207     1.05674
         208     1.05834
         209     1.05997
         210     1.06161
         211     1.06326
         212     1.06492
         213     1.06659
         214     1.06825
         215     1.06992
         216     1.07158
         217     1.07323
         218     1.07487
         219      1.0765
         220     1.07811
         221      1.0797
         222     1.08127
         223     1.08282
         224     1.08434
         225     1.08584
         226     1.08731
         227     1.08875
         228     1.09015
         229     1.09153
         230     1.09287
         231     1.09417
         232     1.09545
         233     1.09668
         234     1.09788
         235     1.09905
         236     1.10018
         237     1.10127
         238     1.10233
         239     1.10335
         240     1.10433
         241     1.10528
         242      1.1062
         243     1.10709
         244     1.10794
         245     1.10876
         246     1.10956
         247     1.11033
         248     1.11107
         249     1.11178
         250     1.11248
         251     1.11315
         252      1.1138
         253     1.11444
         254     1.11506
         255     1.11567
         256     1.11628
         257     1.11687
         258     1.11746
         259     1.11805
         260     1.11863
         261     1.11922
         262     1.11982
         263     1.12042
         264     1.12103
         265     1.12165
         266     1.12229
         267     1.12295
         268     1.12362
         269     1.12432
         270     1.12504
         271     1.12578
         272     1.12656
         273     1.12736
         274     1.12819
         275     1.12906
         276     1.12996
         277      1.1309
         278     1.13187
         279     1.13288
         280     1.13392
         281     1.13501
         282     1.13613
         283     1.13729
         284     1.13849
         285     1.13973
         286     1.14101
         287     1.14232
         288     1.14367
         289     1.14505
         290     1.14647
         291     1.14791
         292     1.14939
         293     1.15089
         294     1.15242
         295     1.15398
         296     1.15555
         297     1.15715
         298     1.15876
         299     1.16038
         300     1.16201
         301     1.16366
         302      1.1653
         303     1.16695
         304      1.1686
         305     1.17025
         306     1.17188
         307     1.17351
         308     1.17512
         309     1.17672
         310      1.1783
         311     1.17985
         312     1.18138
         313     1.18288
         314     1.18436
         315     1.18579
         316      1.1872
         317     1.18856
         318     1.18988
         319     1.19116
         320      1.1924
         321     1.19359
         322     1.19473
         323     1.19582
         324     1.19687
         325     1.19786
         326     1.19879
         327     1.19967
         328      1.2005
         329     1.20127
         330     1.20198
         331     1.20263
         332     1.20323
         333     1.20377
         334     1.20425
         335     1.20468
         336     1.20505
         337     1.20536
         338     1.20562
         339     1.20582
         340     1.20596
         341     1.20605
         342     1.20609
         343     1.20608
         344     1.20602
         345      1.2059
         346     1.20574
         347     1.20554
         348     1.20528
         349     1.20499
         350     1.20465
         351     1.20427
         352     1.20385
         353      1.2034
         354     1.20291
         355     1.20239
         356     1.20184
         357     1.20125
         358     1.20064
         359         1.2
         360     1.19934
         361     1.19866
         362     1.19796
         363     1.19723
         364     1.19649
         365     1.19574
         366     1.19497
         367     1.19419
         368      1.1934
         369      1.1926
         370     1.19179
         371     1.19097
         372     1.19015
         373     1.18933
         374      1.1885
         375     1.18767
         376     1.18684
         377     1.18601
         378     1.18518
         379     1.18435
         380     1.18352
         381     1.18269
         382     1.18187
         383     1.18105
         384     1.18024
         385     1.17943
         386     1.17863
         387     1.17783
         388     1.17703
         389     1.17624
         390     1.17546
         391     1.17468
         392      1.1739
         393     1.17313
         394     1.17237
         395     1.17161
         396     1.17085
         397      1.1701
         398     1.16936
         399     1.16862
         400     1.16788
         401     1.16714
         402     1.16641
         403     1.16568
         404     1.16495
         405     1.16423
         406     1.16351
         407     1.16278
         408     1.16206
         409     1.16134
         410     1.16061
         411     1.15989
         412     1.15916
         413     1.15843
         414      1.1577
         415     1.15697
         416     1.15622
         417     1.15548
         418     1.15472
         419     1.15396
         420      1.1532
         421     1.15242
         422     1.15163
         423     1.15084
         424     1.15003
         425     1.14921
         426     1.14837
         427     1.14752
         428     1.14666
         429     1.14578
         430     1.14488
         431     1.14397
         432     1.14303
         433     1.14208
         434      1.1411
         435      1.1401
         436     1.13908
         437     1.13803
         438     1.13696
         439     1.13586
         440     1.13474
         441     1.13359
         442     1.13241
         443      1.1312
         444     1.12996
         445     1.12869
         446     1.12739
         447     1.12606
         448      1.1247
         449      1.1233
         450     1.12187
         451     1.12041
         452     1.11892
         453     1.11739
         454     1.11583
         455     1.11424
         456     1.11261
         457     1.11096
         458     1.10927
         459     1.10755
         460     1.10581
         461     1.10403
         462     1.10223
         463     1.10041
         464     1.09856
         465     1.09668
         466     1.09478
         467     1.09287
         468     1.09093
         469     1.08898
         470     1.08702
         471     1.08504
         472     1.08306
         473     1.08106
         474     1.07907
         475     1.07707
         476     1.07507
         477     1.07308
         478     1.07109
         479     1.06912
         480     1.06716
         481     1.06521
         482     1.06329
         483     1.06139
         484     1.05951
         485     1.05767
         486     1.05586
         487     1.05409
         488     1.05236
         489     1.05067
         490     1.04904
         491     1.04745
         492     1.04592
         493     1.04444
         494     1.04303
         495     1.04168
         496      1.0404
         497     1.03919
         498     1.03805
         499     1.03699
         500       1.036
         501      1.0351
         502     1.03428
         503     1.03355
         504      1.0329
         505     1.03233
         506     1.03186
         507     1.03148
         508     1.03119
         509     1.03098
         510     1.03087
         511     1.03085
         512     1.03092
         513     1.03108
         514     1.03133
         515     1.03166
         516     1.03207
         517     1.03257
         518     1.03314
         519      1.0338
         520     1.03452
         521     1.03532
         522     1.03618
         523     1.03711
         524     1.03809
         525     1.03914
         526     1.04023
         527     1.04136
         528     1.04254
         529     1.04376
         530       1.045
         531     1.04628
         532     1.04757
         533     1.04888
         534     1.05021
         535     1.05153
         536     1.05286
         537     1.05419
         538     1.05551
         539     1.05681
         540      1.0581
         541     1.05936
         542      1.0606
         543     1.06181
         544     1.06298
         545     1.06411
         546      1.0652
         547     1.06625
         548     1.06725
         549     1.06819
         550     1.06909
         551     1.06993
         552     1.07071
         553     1.07144
         554      1.0721
         555     1.07271
         556     1.07325
         557     1.07373
         558     1.07415
         559      1.0745
         560      1.0748
         561     1.07503
         562     1.07519
         563      1.0753
         564     1.07535
         565     1.07534
         566     1.07528
         567     1.07516
         568     1.07498
         569     1.07476
         570     1.07449
         571     1.07417
         572      1.0738
         573     1.07339
         574     1.07294
         575     1.07246
         576     1.07194
         577     1.07138
         578      1.0708
         579     1.07019
         580     1.06955
         581      1.0689
         582     1.06822
         583     1.06753
         584     1.06682
         585      1.0661
         586     1.06537
         587     1.06463
         588     1.06389
         589     1.06314
         590     1.06239
         591     1.06165
         592      1.0609
         593     1.06017
         594     1.05944
         595     1.05872
         596     1.05801
         597     1.05731
         598     1.05662
         599     1.05596
         600      1.0553
         601     1.05467
         602     1.05406
         603     1.05346
         604     1.05289
         605     1.05234
         606     1.05182
         607     1.05132
         608     1.05085
         609      1.0504
         610     1.04998
         611     1.04959
         612     1.04923
         613     1.04891
         614     1.04861
         615     1.04834
         616      1.0481
         617      1.0479
         618     1.04773
         619     1.04759
         620     1.04749
         621     1.04742
         622     1.04738
         623     1.04737
         624      1.0474
         625     1.04746
         626     1.04755
         627     1.04768
         628     1.04784
         629     1.04804
         630     1.04826
         631     1.04852
         632     1.04881
         633     1.04913
         634     1.04948
         635     1.04987
         636     1.05028
         637     1.05072
         638     1.05119
         639     1.05169
         640     1.05222
         641     1.05278
         642     1.05336
         643     1.05396
         644     1.05459
         645     1.05524
         646     1.05592
         647     1.05662
         648     1.05733
         649     1.05807
         650     1.05883
         651      1.0596
         652     1.06039
         653      1.0612
         654     1.06202
         655     1.06285
         656      1.0637
         657     1.06455
         658     1.06542
         659      1.0663
         660     1.06719
         661     1.06809
         662       1.069
         663     1.06991
         664     1.07082
         665     1.07174
         666     1.07267
         667      1.0736
         668     1.07452
         669     1.07545
         670     1.07638
         671     1.07731
         672     1.07823
         673     1.07915
         674     1.08006
         675     1.08097
         676     1.08187
         677     1.08277
         678     1.08365
         679     1.08452
         680     1.08538
         681     1.08623
         682     1.08706
         683     1.08787
         684     1.08867
         685     1.08945
         686     1.09021
         687     1.09094
         688     1.09165
         689     1.09233
         690     1.09299
         691     1.09362
         692     1.09421
         693     1.09477
         694      1.0953
         695     1.09579
         696     1.09624
         697     1.09666
         698     1.09703
         699     1.09735
         700     1.09763
         701     1.09787
         702     1.09805
         703     1.09818
         704     1.09827
         705      1.0983
         706     1.09827
         707     1.09819
         708     1.09805
         709     1.09786
         710      1.0976
         711     1.09729
         712     1.09692
         713      1.0965
         714     1.09601
         715     1.09547
         716     1.09486
         717     1.09421
         718     1.09349
         719     1.09273
         720     1.09191
         721     1.09105
         722     1.09013
         723     1.08917
         724     1.08818
         725     1.08714
         726     1.08607
         727     1.08497
         728     1.08384
         729     1.08268
         730     1.08151
         731     1.08033
         732     1.07913
         733     1.07794
         734     1.07674
         735     1.07554
         736     1.07436
         737     1.07319
         738     1.07203
         739     1.07091
         740     1.06981
         741     1.06874
         742     1.06771
         743     1.06672
         744     1.06578
         745     1.06488
         746     1.06404
         747     1.06324
         748     1.06251
         749     1.06183
         750     1.06121
         751     1.06065
         752     1.06015
         753     1.05971
         754     1.05933
         755     1.05902
         756     1.05877
         757     1.05857
         758     1.05844
         759     1.05836
         760     1.05834
         761     1.05837
         762     1.05845
         763     1.05858
         764     1.05876
         765     1.05898
         766     1.05923
         767     1.05953
         768     1.05986
         769     1.06022
         770     1.06061
         771     1.06102
         772     1.06146
         773     1.06191
         774     1.06238
         775     1.06286
         776     1.06336
         777     1.06386
         778     1.06437
         779     1.06488
         780     1.06539
         781     1.06591
         782     1.06643
         783     1.06694
         784     1.06745
         785     1.06795
         786     1.06845
         787     1.06894
         788     1.06943
         789     1.06991
         790     1.07038
         791     1.07085
         792     1.07131
         793     1.07177
         794     1.07222
         795     1.07266
         796     1.07311
         797     1.07355
         798     1.07399
         799     1.07443
         800     1.07488
         801     1.07532
         802     1.07578
         803     1.07623
         804      1.0767
         805     1.07718
         806     1.07767
         807     1.07818
         808      1.0787
         809     1.07924
         810      1.0798
         811     1.08038
         812     1.08098
         813     1.08161
         814     1.08226
         815     1.08294
         816     1.08365
         817     1.08439
         818     1.08515
         819     1.08595
         820     1.08677
         821     1.08763
         822     1.08852
         823     1.08944
         824     1.09038
         825     1.09136
         826     1.09236
         827     1.09339
         828     1.09445
         829     1.09553
         830     1.09663
         831     1.09776
         832      1.0989
         833     1.10005
         834     1.10122
         835     1.10241
         836      1.1036
         837     1.10479
         838     1.10599
         839     1.10719
         840     1.10839
         841     1.10958
         842     1.11076
         843     1.11194
         844     1.11309
         845     1.11423
         846     1.11535
         847     1.11645
         848     1.11752
         849     1.11856
         850     1.11958
         851     1.12056
         852      1.1215
         853     1.12241
         854     1.12328
         855     1.12411
         856      1.1249
         857     1.12565
         858     1.12635
         859     1.12701
         860     1.12762
         861     1.12819
         862     1.12871
         863     1.12919
         864     1.12962
         865     1.13001
         866     1.13035
         867     1.13064
         868      1.1309
         869     1.13111
         870     1.13128
         871     1.13142
         872     1.13151
         873     1.13157
         874     1.13159
         875     1.13158
         876     1.13154
         877     1.13147
         878     1.13137
         879     1.13125
         880      1.1311
         881     1.13094
         882     1.13075
         883     1.13055
         884     1.13033
         885     1.13009
         886     1.12985
         887     1.12959
         888     1.12933
         889     1.12905
         890     1.12877
         891     1.12849
         892      1.1282
         893     1.12791
         894     1.12761
         895     1.12731
         896     1.12701
         897      1.1267
         898     1.12639
         899     1.12607
         900     1.12575
         901     1.12542
         902     1.12508
         903     1.12473
         904     1.12437
         905       1.124
         906     1.12361
         907      1.1232
         908     1.12277
         909     1.12232
         910     1.12185
         911     1.12134
         912      1.1208
         913     1.12023
         914     1.11962
         915     1.11897
         916     1.11828
         917     1.11754
         918     1.11675
         919     1.11591
         920     1.11502
         921     1.11407
         922     1.11306
         923       1.112
         924     1.11086
         925     1.10967
         926     1.10841
         927     1.10708
         928     1.10569
         929     1.10422
         930     1.10269
         931      1.1011
         932     1.09943
         933      1.0977
         934      1.0959
         935     1.09404
         936     1.09212
         937     1.09013
         938     1.08809
         939       1.086
         940     1.08385
         941     1.08166
         942     1.07942
         943     1.07715
         944     1.07484
         945     1.07249
         946     1.07013
         947     1.06774
         948     1.06534
         949     1.06293
         950     1.06052
         951     1.05811
         952     1.05571
         953     1.05332
         954     1.05096
         955     1.04863
         956     1.04633
         957     1.04407
         958     1.04185
         959     1.03969
         960     1.03759
         961     1.03556
         962      1.0336
         963     1.03171
         964      1.0299
         965     1.02818
         966     1.02655
         967     1.02502
         968     1.02359
         969     1.02226
         970     1.02104
         971     1.01992
         972     1.01892
         973     1.01803
         974     1.01726
         975     1.01661
         976     1.01607
         977     1.01565
         978     1.01535
         979     1.01516
         980      1.0151
         981     1.01515
         982     1.01531
         983     1.01558
         984     1.01597
         985     1.01646
         986     1.01706
         987     1.01775
         988     1.01855
         989     1.01944
         990     1.02043
         991      1.0215
         992     1.02265
         993     1.02389
         994      1.0252
         995     1.02658
         996     1.02803
         997     1.02955
         998     1.03113
         999     1.03276
        1000     1.03444
        1001     1.03617
        1002     1.03795
        1003     1.03977
        1004     1.04163
        1005     1.04352
        1006     1.04544
        1007     1.04739
        1008     1.04937
        1009     1.05137
        1010     1.05338
        1011     1.05542
        1012     1.05747
        1013     1.05953
        1014     1.06161
        1015     1.06369
        1016     1.06577
        1017     1.06787
        1018     1.06996
        1019     1.07205
        1020     1.07415
        1021     1.07624
        1022     1.07833
        1023     1.08041
        1024     1.08248
        1025     1.08455
        1026      1.0866
        1027     1.08864
        1028     1.09067
        1029     1.09269
        1030     1.09469
        1031     1.09667
        1032     1.09864
        1033     1.10058
        1034     1.10251
        1035     1.10442
        1036      1.1063
        1037     1.10816
        1038     1.10999
        1039      1.1118
        1040     1.11359
        1041     1.11535
        1042     1.11708
        1043     1.11878
        1044     1.12046
        1045     1.12211
        1046     1.12374
        1047     1.12533
        1048      1.1269
        1049     1.12844
        1050     1.12995
        1051     1.13143
        1052     1.13288
        1053     1.13431
        1054     1.13571
        1055     1.13709
        1056     1.13844
        1057     1.13977
        1058     1.14107
        1059     1.14235
        1060     1.14361
        1061     1.14485
        1062     1.14607
        1063     1.14726
        1064     1.14844
        1065      1.1496
        1066     1.15075
        1067     1.15187
        1068     1.15299
        1069     1.15408
        1070     1.15517
        1071     1.15624
        1072     1.15729
        1073     1.15834
        1074     1.15937
        1075     1.16039
        1076     1.16141
        1077     1.16241
        1078      1.1634
        1079     1.16438
        1080     1.16536
        1081     1.16632
        1082     1.16728
        1083     1.16823
        1084     1.16916
        1085     1.17009
        1086     1.17101
        1087     1.17192
        1088     1.17282
        1089     1.17371
        1090     1.17459
        1091     1.17546
        1092     1.17632
        1093     1.17717
        1094       1.178
        1095     1.17883
        1096     1.17964
        1097     1.18043
        1098     1.18122
        1099     1.18199
        1100     1.18274
        1101     1.18348
        1102     1.18421
        1103     1.18491
        1104      1.1856
        1105     1.18627
        1106     1.18693
        1107     1.18756
        1108     1.18818
        1109     1.18878
        1110     1.18936
        1111     1.18993
        1112     1.19047
        1113     1.19099
        1114      1.1915
        1115     1.19198
        1116     1.19245
        1117     1.19289
        1118     1.19332
        1119     1.19373
        1120     1.19412
        1121     1.19449
        1122     1.19484
        1123     1.19518
        1124      1.1955
        1125      1.1958
        1126     1.19609
        1127     1.19636
        1128     1.19662
        1129     1.19686
        1130     1.19709
        1131     1.19731
        1132     1.19751
        1133     1.19771
        1134     1.19789
        1135     1.19807
        1136     1.19824
        1137      1.1984
        1138     1.19855
        1139      1.1987
        1140     1.19884
        1141     1.19898
        1142     1.19912
        1143     1.19926
        1144     1.19939
        1145     1.19953
        1146     1.19966
        1147      1.1998
        1148     1.19993
        1149     1.20007
        1150     1.20021
        1151     1.20036
        1152     1.20051
        1153     1.20066
        1154     1.20082
        1155     1.20098
        1156     1.20114
        1157     1.20131
        1158     1.20148
        1159     1.20166
        1160     1.20184
        1161     1.20203
        1162     1.20222
        1163     1.20241
        1164      1.2026
        1165      1.2028
        1166       1.203
        1167     1.20319
        1168     1.20339
        1169     1.20359
        1170     1.20378
        1171     1.20397
        1172     1.20415
        1173     1.20433
        1174      1.2045
        1175     1.20466
        1176     1.20481
        1177     1.20496
        1178     1.20509
        1179     1.20521
        1180     1.20531
        1181      1.2054
        1182     1.20547
        1183     1.20553
        1184     1.20557
        1185     1.20558
        1186     1.20558
        1187     1.20555
        1188      1.2055
        1189     1.20543
        1190     1.20533
        1191     1.20521
        1192     1.20505
        1193     1.20487
        1194     1.20467
        1195     1.20443
        1196     1.20416
        1197     1.20386
        1198     1.20353
        1199     1.20317
        1200     1.20277
        1201     1.20235
        1202     1.20189
        1203     1.20139
        1204     1.20087
        1205      1.2003
        1206     1.19971
        1207     1.19908
        1208     1.19842
        1209     1.19772
        1210     1.19699
        1211     1.19623
        1212     1.19543
        1213     1.19461
        1214     1.19374
        1215     1.19285
        1216     1.19193
        1217     1.19098
        1218     1.18999
        1219     1.18898
        1220     1.18794
        1221     1.18687
        1222     1.18578
        1223     1.18465
        1224     1.18351
        1225     1.18234
        1226     1.18115
        1227     1.17994
        1228     1.17871
        1229     1.17746
        1230     1.17619
        1231      1.1749
        1232      1.1736
        1233     1.17229
        1234     1.17097
        1235     1.16963
        1236     1.16829
        1237     1.16693
        1238     1.16558
        1239     1.16422
        1240     1.16285
        1241     1.16149
        1242     1.16012
        1243     1.15876
        1244      1.1574
        1245     1.15605
        1246     1.15471
        1247     1.15337
        1248     1.15204
        1249     1.15072
        1250     1.14942
        1251     1.14813
        1252     1.14686
        1253      1.1456
        1254     1.14437
        1255     1.14315
        1256     1.14195
        1257     1.14078
        1258     1.13962
        1259      1.1385
        1260      1.1374
        1261     1.13632
        1262     1.13527
        1263     1.13425
        1264     1.13326
        1265      1.1323
        1266     1.13137
        1267     1.13046
        1268     1.12959
        1269     1.12875
        1270     1.12794
        1271     1.12716
        1272     1.12641
        1273      1.1257
        1274     1.12501
        1275     1.12436
        1276     1.12373
        1277     1.12314
        1278     1.12258
        1279     1.12204
        1280     1.12154
        1281     1.12107
        1282     1.12062
        1283      1.1202
        1284     1.11981
        1285     1.11944
        1286      1.1191
        1287     1.11878
        1288     1.11848
        1289     1.11821
        1290     1.11796
        1291     1.11773
        1292     1.11752
        1293     1.11733
        1294     1.11715
        1295     1.11699
        1296     1.11685
        1297     1.11672
        1298     1.11661
        1299      1.1165
        1300     1.11641
        1301     1.11632
        1302     1.11625
        1303     1.11618
        1304     1.11612
        1305     1.11607
        1306     1.11601
        1307     1.11597
        1308     1.11592
        1309     1.11588
        1310     1.11584
        1311      1.1158
        1312     1.11576
        1313     1.11571
        1314     1.11567
        1315     1.11562
        1316     1.11557
        1317     1.11552
        1318     1.11546
        1319     1.11539
        1320     1.11533
        1321     1.11525
        1322     1.11518
        1323      1.1151
        1324     1.11501
        1325     1.11491
        1326     1.11482
        1327     1.11471
        1328      1.1146
        1329     1.11449
        1330     1.11437
        1331     1.11425
        1332     1.11412
        1333     1.11399
        1334     1.11386
        1335     1.11372
        1336     1.11358
        1337     1.11345
        1338     1.11331
        1339     1.11317
        1340     1.11304
        1341     1.11291
        1342     1.11278
        1343     1.11265
        1344     1.11253
        1345     1.11242
        1346     1.11232
        1347     1.11222
        1348     1.11214
        1349     1.11206
        1350       1.112
        1351     1.11195
        1352     1.11192
        1353      1.1119
        1354      1.1119
        1355     1.11192
        1356     1.11196
        1357     1.11202
        1358      1.1121
        1359      1.1122
        1360     1.11233
        1361     1.11248
        1362     1.11266
        1363     1.11286
        1364     1.11309
        1365     1.11335
        1366     1.11364
        1367     1.11396
        1368      1.1143
        1369     1.11468
        1370     1.11509
        1371     1.11552
        1372     1.11599
        1373     1.11649
        1374     1.11701
        1375     1.11757
        1376     1.11815
        1377     1.11877
        1378     1.11941
        1379     1.12008
        1380     1.12077
        1381      1.1215
        1382     1.12225
        1383     1.12302
        1384     1.12381
        1385     1.12463
        1386     1.12547
        1387     1.12633
        1388      1.1272
        1389     1.12809
        1390       1.129
        1391     1.12992
        1392     1.13086
        1393      1.1318
        1394     1.13276
        1395     1.13372
        1396     1.13469
        1397     1.13567
        1398     1.13665
        1399     1.13763
        1400     1.13861
        1401      1.1396
        1402     1.14058
        1403     1.14155
        1404     1.14252
        1405     1.14349
        1406     1.14444
        1407     1.14539
        1408     1.14633
        1409     1.14725
        1410     1.14817
        1411     1.14907
        1412     1.14995
        1413     1.15082
        1414     1.15168
        1415     1.15251
        1416     1.15333
        1417     1.15413
        1418     1.15491
        1419     1.15568
        1420     1.15642
        1421     1.15713
        1422     1.15783
        1423     1.15851
        1424     1.15916
        1425     1.15979
        1426      1.1604
        1427     1.16099
        1428     1.16155
        1429     1.16209
        1430      1.1626
        1431     1.16309
        1432     1.16356
        1433       1.164
        1434     1.16442
        1435     1.16482
        1436     1.16519
        1437     1.16554
        1438     1.16586
        1439     1.16616
        1440     1.16644
        1441     1.16669
        1442     1.16692
        1443     1.16713
        1444     1.16731
        1445     1.16748
        1446     1.16762
        1447     1.16774
        1448     1.16784
        1449     1.16791
        1450     1.16797
        1451       1.168
        1452     1.16802
        1453     1.16801
        1454     1.16798
        1455     1.16793
        1456     1.16786
        1457     1.16778
        1458     1.16767
        1459     1.16754
        1460     1.16739
        1461     1.16723
        1462     1.16704
        1463     1.16684
        1464     1.16662
        1465     1.16638
        1466     1.16612
        1467     1.16584
        1468     1.16555
        1469     1.16524
        1470     1.16491
        1471     1.16456
        1472      1.1642
        1473     1.16382
        1474     1.16342
        1475       1.163
        1476     1.16257
        1477     1.16213
        1478     1.16166
        1479     1.16119
        1480     1.16069
        1481     1.16019
        1482     1.15966
        1483     1.15913
        1484     1.15858
        1485     1.15802
        1486     1.15744
        1487     1.15685
        1488     1.15625
        1489     1.15565
        1490     1.15503
        1491      1.1544
        1492     1.15376
        1493     1.15311
        1494     1.15246
        1495     1.15179
        1496     1.15112
        1497     1.15045
        1498     1.14977
        1499     1.14909
        1500      1.1484
        1501     1.14771
        1502     1.14701
        1503     1.14632
        1504     1.14562
        1505     1.14492
        1506     1.14422
        1507     1.14352
        1508     1.14282
        1509     1.14212
        1510     1.14143
        1511     1.14073
        1512     1.14004
        1513     1.13935
        1514     1.13867
        1515     1.13798
        1516     1.13731
        1517     1.13663
        1518     1.13597
        1519      1.1353
        1520     1.13465
        1521       1.134
        1522     1.13335
        1523     1.13271
        1524     1.13208
        1525     1.13146
        1526     1.13084
        1527     1.13023
        1528     1.12962
        1529     1.12903
        1530     1.12844
        1531     1.12786
        1532     1.12728
        1533     1.12672
        1534     1.12616
        1535     1.12561
        1536     1.12507
        1537     1.12454
        1538     1.12402
        1539      1.1235
        1540     1.12299
        1541     1.12249
        1542       1.122
        1543     1.12151
        1544     1.12104
        1545     1.12057
        1546     1.12011
        1547     1.11965
        1548     1.11921
        1549     1.11877
        1550     1.11834
        1551     1.11792
        1552     1.11751
        1553     1.11711
        1554     1.11671
        1555     1.11632
        1556     1.11594
        1557     1.11557
        1558      1.1152
        1559     1.11485
        1560      1.1145
        1561     1.11415
        1562     1.11382
        1563     1.11349
        1564     1.11317
        1565     1.11285
        1566     1.11254
        1567     1.11224
        1568     1.11194
        1569     1.11165
        1570     1.11136
        1571     1.11108
        1572      1.1108
        1573     1.11053
        1574     1.11025
        1575     1.10998
        1576     1.10971
        1577     1.10944
        1578     1.10917
        1579      1.1089
        1580     1.10862
        1581     1.10835
        1582     1.10807
        1583     1.10779
        1584      1.1075
        1585     1.10721
        1586     1.10691
        1587     1.10661
        1588      1.1063
        1589     1.10598
        1590     1.10565
        1591     1.10531
        1592     1.10495
        1593     1.10459
        1594     1.10421
        1595     1.10382
        1596     1.10342
        1597       1.103
        1598     1.10256
        1599      1.1021
        1600     1.10163
        1601     1.10114
        1602     1.10063
        1603      1.1001
        1604     1.09954
        1605     1.09897
        1606     1.09837
        1607     1.09775
        1608      1.0971
        1609     1.09643
        1610     1.09574
        1611     1.09502
        1612     1.09428
        1613     1.09351
        1614     1.09271
        1615     1.09189
        1616     1.09105
        1617     1.09018
        1618     1.08928
        1619     1.08836
        1620     1.08741
        1621     1.08644
        1622     1.08544
        1623     1.08442
        1624     1.08338
        1625     1.08232
        1626     1.08123
        1627     1.08013
        1628       1.079
        1629     1.07786
        1630     1.07671
        1631     1.07553
        1632     1.07435
        1633     1.07315
        1634     1.07194
        1635     1.07072
        1636      1.0695
        1637     1.06826
        1638     1.06703
        1639     1.06579
        1640     1.06456
        1641     1.06332
        1642     1.06209
        1643     1.06087
        1644     1.05965
        1645     1.05845
        1646     1.05725
        1647     1.05607
        1648      1.0549
        1649     1.05376
        1650     1.05263
        1651     1.05152
        1652     1.05044
        1653     1.04938
        1654     1.04835
        1655     1.04734
        1656     1.04637
        1657     1.04542
        1658     1.04451
        1659     1.04363
        1660     1.04279
        1661     1.04198
        1662     1.04121
        1663     1.04047
        1664     1.03977
        1665     1.03911
        1666     1.03849
        1667     1.03791
        1668     1.03736
        1669     1.03686
        1670      1.0364
        1671     1.03598
        1672     1.03559
        1673     1.03525
        1674     1.03495
        1675     1.03469
        1676     1.03446
        1677     1.03428
        1678     1.03414
        1679     1.03403
        1680     1.03397
        1681     1.03394
        1682     1.03395
        1683       1.034
        1684     1.03408
        1685      1.0342
        1686     1.03436
        1687     1.03455
        1688     1.03478
        1689     1.03504
        1690     1.03534
        1691     1.03567
        1692     1.03603
        1693     1.03642
        1694     1.03685
        1695      1.0373
        1696     1.03779
        1697     1.03831
        1698     1.03885
        1699     1.03942
        1700     1.04002
        1701     1.04064
        1702     1.04129
        1703     1.04197
        1704     1.04266
        1705     1.04338
        1706     1.04412
        1707     1.04487
        1708     1.04565
        1709     1.04644
        1710     1.04725
        1711     1.04807
        1712      1.0489
        1713     1.04975
        1714      1.0506
        1715     1.05146
        1716     1.05233
        1717     1.05321
        1718     1.05408
        1719     1.05496
        1720     1.05584
        1721     1.05672
        1722     1.05759
        1723     1.05846
        1724     1.05933
        1725     1.06018
        1726     1.06103
        1727     1.06186
        1728     1.06269
        1729      1.0635
        1730     1.06429
        1731     1.06507
        1732     1.06583
        1733     1.06657
        1734     1.06728
        1735     1.06798
        1736     1.06866
        1737     1.06931
        1738     1.06993
        1739     1.07053
        1740      1.0711
        1741     1.07165
        1742     1.07216
        1743     1.07265
        1744      1.0731
        1745     1.07353
        1746     1.07392
        1747     1.07428
        1748     1.07462
        1749     1.07492
        1750     1.07518
        1751     1.07542
        1752     1.07562
        1753     1.07578
        1754     1.07591
        1755     1.07601
        1756     1.07608
        1757     1.07611
        1758      1.0761
        1759     1.07606
        1760     1.07599
        1761     1.07588
        1762     1.07573
        1763     1.07555
        1764     1.07534
        1765     1.07508
        1766      1.0748
        1767     1.07448
        1768     1.07412
        1769     1.07373
        1770     1.07331
        1771     1.07285
        1772     1.07235
        1773     1.07182
        1774     1.07126
        1775     1.07067
        1776     1.07004
        1777     1.06937
        1778     1.06867
        1779     1.06794
        1780     1.06718
        1781     1.06638
        1782     1.06555
        1783     1.06469
        1784      1.0638
        1785     1.06287
        1786     1.06192
        1787     1.06093
        1788     1.05992
        1789     1.05888
        1790      1.0578
        1791      1.0567
        1792     1.05558
        1793     1.05443
        1794     1.05325
        1795     1.05205
        1796     1.05082
        1797     1.04958
        1798     1.04831
        1799     1.04702
        1800     1.04572
        1801      1.0444
        1802     1.04306
        1803     1.04171
        1804     1.04035
        1805     1.03898
        1806      1.0376
        1807     1.03621
        1808     1.03481
        1809     1.03341
        1810     1.03201
        1811     1.03061
        1812     1.02921
        1813     1.02781
        1814     1.02641
        1815     1.02503
        1816     1.02365
        1817     1.02228
        1818     1.02092
        1819     1.01958
        1820     1.01825
        1821     1.01694
        1822     1.01565
        1823     1.01438
        1824     1.01314
        1825     1.01191
        1826     1.01072
        1827     1.00955
        1828     1.00841
        1829     1.00729
        1830     1.00621
        1831     1.00517
        1832     1.00415
        1833     1.00317
        1834     1.00222
        1835     1.00131
        1836     1.00044
        1837    0.999601
        1838    0.998802
        1839    0.998042
        1840    0.997321
        1841     0.99664
        1842    0.995998
        1843    0.995397
        1844    0.994834
        1845    0.994312
        1846    0.993829
        1847    0.993386
        1848    0.992982
        1849    0.992617
        1850    0.992292
        1851    0.992006
        1852    0.991758
        1853    0.991549
        1854    0.991378
        1855    0.991245
        1856     0.99115
        1857    0.991092
        1858     0.99107
        1859    0.991085
        1860    0.991135
        1861    0.991221
        1862    0.991342
        1863    0.991497
        1864    0.991687
        1865     0.99191
        1866    0.992168
        1867    0.992459
        1868    0.992783
        1869     0.99314
        1870    0.993529
        1871    0.993951
        1872    0.994404
        1873    0.994889
        1874    0.995405
        1875    0.995953
        1876    0.996532
        1877    0.997142
        1878    0.997783
        1879    0.998455
        1880    0.999158
        1881    0.999891
        1882     1.00065
        1883     1.00145
        1884     1.00227
        1885     1.00312
        1886       1.004
        1887     1.00491
        1888     1.00585
        1889     1.00682
        1890     1.00781
        1891     1.00883
        1892     1.00988
        1893     1.01095
        1894     1.01205
        1895     1.01317
        1896     1.01431
        1897     1.01548
        1898     1.01667
        1899     1.01789
        1900     1.01912
        1901     1.02037
        1902     1.02163
        1903     1.02292
        1904     1.02422
        1905     1.02553
        1906     1.02685
        1907     1.02818
        1908     1.02952
        1909     1.03086
        1910     1.03221
        1911     1.03356
        1912     1.03491
        1913     1.03626
        1914      1.0376
        1915     1.03894
        1916     1.04027
        1917     1.04158
        1918     1.04288
        1919     1.04417
        1920     1.04544
        1921     1.04668
        1922     1.04791
        1923      1.0491
        1924     1.05027
        1925     1.05141
        1926     1.05251
        1927     1.05358
        1928     1.05461
        1929      1.0556
        1930     1.05655
        1931     1.05745
        1932     1.05831
        1933     1.05912
        1934     1.05988
        1935     1.06059
        1936     1.06125
        1937     1.06186
        1938      1.0624
        1939      1.0629
        1940     1.06334
        1941     1.06372
        1942     1.06404
        1943      1.0643
        1944     1.06451
        1945     1.06465
        1946     1.06474
        1947     1.06477
        1948     1.06474
        1949     1.06466
        1950     1.06452
        1951     1.06432
        1952     1.06407
        1953     1.06376
        1954      1.0634
        1955       1.063
        1956     1.06254
        1957     1.06204
        1958     1.06149
        1959     1.06089
        1960     1.06026
        1961     1.05959
        1962     1.05888
        1963     1.05814
        1964     1.05736
        1965     1.05656
        1966     1.05573
        1967     1.05488
        1968       1.054
        1969     1.05311
        1970     1.05221
        1971      1.0513
        1972     1.05037
        1973     1.04945
        1974     1.04851
        1975     1.04758
        1976     1.04666
        1977     1.04574
        1978     1.04483
        1979     1.04393
        1980     1.04305
        1981     1.04219
        1982     1.04135
        1983     1.04053
        1984     1.03974
        1985     1.03898
        1986     1.03825
        1987     1.03756
        1988      1.0369
        1989     1.03628
        1990     1.03571
        1991     1.03518
        1992     1.03469
        1993     1.03425
        1994     1.03386
        1995     1.03352
        1996     1.03323
        1997     1.03299
        1998     1.03281
        1999     1.03268
        2000     1.03261
