         100           0           0           0
         100   0.0129266           0           0
         100   0.0258532           0           0
         100   0.0387798           0           0
         100   0.0517064           0           0
         100    0.064633           0           0
         100   0.0775596           0           0
         100   0.0904863           0           0
         100    0.103413           0           0
         100    0.116339           0           0
         100    0.129266           0           0
         100    0.142193           0           0
         100    0.155119           0           0
         100    0.168046           0           0
         100    0.180973           0           0
         100    0.193899           0           0
         100    0.206826           0           0
         100    0.219752           0           0
         100    0.232679           0           0
         100    0.245606           0           0
         100    0.258532           0           0
         100    0.271459           0           0
         100    0.284385           0           0
         100    0.297312           0           0
         100    0.310239           0           0
         100    0.323165           0           0
         100    0.336092           0           0
         100    0.349018           0           0
         100    0.361945           0           0
         100    0.374872           0           0
         100    0.387798           0           0
         100    0.400725           0           0
         100    0.413651           0           0
         100    0.426578           0           0
         100    0.439505           0           0
         100    0.452431           0           0
         100    0.465358           0           0
         100    0.478285           0           0
         100    0.491211           0           0
         100    0.504138           0           0
         100    0.517064           0           0
         100    0.529991           0           0
         100    0.542918           0           0
         100    0.555844           0           0
         100    0.568771           0           0
         100    0.581697           0           0
         100    0.594624           0           0
         100    0.607551           0           0
         100    0.620477           0           0
         100    0.633404           0           0
         100     0.64633           0           0
         100    0.659257           0           0
         100    0.672184           0           0
         100     0.68511           0           0
         100    0.698037           0           0
         100    0.710963           0           0
         100     0.72389           0           0
         100    0.736817           0           0
         100    0.749743           0           0
         100     0.76267           0           0
         100    0.775596           0           0
         100    0.788523           0           0
         100     0.80145           0           0
         100    0.814376           0           0
         100    0.827303           0           0
         100     0.84023           0           0
         100    0.853156           0           0
         100    0.866083 8.98418e-05 5.10862e-05
         100    0.879009 0.000465269 0.000134647
         100    0.891936  0.00375705 0.000346099
         100    0.904863    0.013946 0.000770325
         100    0.917789   0.0407561  0.00129543
         100    0.930716    0.100981  0.00181398
         100    0.943642     0.20446  0.00268714
         100    0.956569    0.359911  0.00353139
         100    0.969496     0.54706  0.00482313
         100    0.982422    0.789834   0.0057781
         100    0.995349     1.04751  0.00733189
         100     1.00828     1.30431  0.00703536
         100      1.0212     1.55007  0.00961569
         100     1.03413     1.74914  0.00998849
         100     1.04706     1.95823   0.0116135
         100     1.05998     2.06156   0.0114453
         100     1.07291     2.15927   0.0132287
         100     1.08584     2.23958   0.0114598
         100     1.09876     2.28801   0.0124001
         100     1.11169     2.28241   0.0120179
         100     1.12461     2.27524   0.0117287
         100     1.13754     2.26784    0.010943
         100     1.15047     2.22046   0.0116657
         100     1.16339     2.19069   0.0101999
         100     1.17632     2.13172   0.0109796
         100     1.18925     2.07606   0.0101089
         100     1.20217     2.02204  0.00998247
         100      1.2151     2.00037   0.0103231
         100     1.22803      1.9363  0.00999523
         100     1.24095     1.87776  0.00973248
         100     1.25388     1.82794  0.00869647
         100     1.26681     1.79307  0.00892465
         100     1.27973     1.72281  0.00789374
         100     1.29266     1.69757  0.00914226
         100     1.30559     1.66757  0.00725796
         100     1.31851     1.62767  0.00763671
         100     1.33144     1.58549  0.00733116
         100     1.34437     1.54725  0.00741268
         100     1.35729     1.50527   0.0057489
         100     1.37022     1.48534   0.0068241
         100     1.38315     1.45222  0.00670642
         100     1.39607     1.43411  0.00639734
         100       1.409     1.39676   0.0070892
         100     1.42193     1.38901  0.00606665
         100     1.43485      1.3614  0.00546771
         100     1.44778     1.33175  0.00580533
         100     1.46071     1.31458  0.00545141
         100     1.47363     1.29866  0.00625356
         100     1.48656     1.29457  0.00520106
         100     1.49949     1.26409  0.00512293
         100     1.51241     1.24035  0.00517474
         100     1.52534     1.24175   0.0047432
         100     1.53827     1.22694   0.0047441
         100     1.55119     1.19624  0.00430367
         100     1.56412     1.20062  0.00544843
         100     1.57705     1.18711  0.00436194
         100     1.58997     1.17998   0.0054141
         100      1.6029     1.16847  0.00542554
         100     1.61583     1.16656  0.00444374
         100     1.62875     1.14871  0.00490287
         100     1.64168     1.13771  0.00456631
         100     1.65461     1.13874  0.00388428
         100     1.66753     1.13214  0.00428569
         100     1.68046     1.12028  0.00416657
         100     1.69339     1.11202  0.00417303
         100     1.70631     1.11942  0.00439266
         100     1.71924     1.10272  0.00418568
         100     1.73217      1.0984  0.00379752
         100     1.74509     1.09729  0.00462643
         100     1.75802     1.09732  0.00418558
         100     1.77095      1.0968  0.00383343
         100     1.78387     1.08667  0.00357257
         100      1.7968     1.08563  0.00413564
         100     1.80973     1.07487  0.00441658
         100     1.82265     1.07425  0.00356151
         100     1.83558     1.06837  0.00367597
         100      1.8485     1.06335  0.00351642
         100     1.86143     1.07118   0.0040245
         100     1.87436     1.06996  0.00397923
         100     1.88728     1.07024  0.00391911
         100     1.90021     1.06352  0.00343411
         100     1.91314     1.06462   0.0037469
         100     1.92606     1.06346  0.00379816
         100     1.93899     1.06029  0.00315427
         100     1.95192     1.06135  0.00404558
         100     1.96484     1.05878  0.00338531
         100     1.97777      1.0637   0.0033033
         100      1.9907     1.05676  0.00400865
         100     2.00362     1.05245  0.00363054
         100     2.01655     1.05855  0.00355646
         100     2.02948     1.05459  0.00315841
         100      2.0424     1.05355  0.00363152
         100     2.05533      1.0572  0.00350643
         100     2.06826     1.05488  0.00335767
         100     2.08118     1.05446  0.00381089
         100     2.09411     1.04942  0.00328262
         100     2.10704     1.05316  0.00295305
         100     2.11996     1.05614  0.00313773
         100     2.13289     1.05276  0.00320951
         100     2.14582     1.05047  0.00301185
         100     2.15874      1.0536  0.00307199
         100     2.17167     1.04957   0.0037158
         100      2.1846     1.04703  0.00313001
         100     2.19752     1.05222  0.00338174
         100     2.21045     1.05411  0.00294146
         100     2.22338     1.05139  0.00309753
         100      2.2363     1.04591  0.00327097
         100     2.24923     1.05151  0.00289439
         100     2.26216     1.04381  0.00318843
         100     2.27508     1.04287  0.00277772
         100     2.28801     1.04182  0.00333033
         100     2.30094     1.04126   0.0029257
         100     2.31386     1.04018  0.00267646
         100     2.32679     1.03851  0.00268065
         100     2.33972     1.03733  0.00279475
         100     2.35264     1.03722  0.00284574
         100     2.36557     1.03375  0.00298553
         100      2.3785     1.03756   0.0027527
         100     2.39142     1.03238  0.00282935
         100     2.40435     1.03394   0.0026315
         100     2.41728     1.02711  0.00270959
         100      2.4302      1.0327  0.00261925
         100     2.44313     1.02867  0.00270948
         100     2.45606     1.02983  0.00296606
         100     2.46898     1.02382  0.00248067
         100     2.48191     1.02767  0.00297372
         100     2.49484     1.02349  0.00294773
         100     2.50776     1.01835  0.00264386
         100     2.52069     1.01968  0.00289534
         100     2.53362     1.02382  0.00262294
         100     2.54654     1.01883  0.00270615
         100     2.55947     1.02062   0.0022134
         100      2.5724     1.01885  0.00250371
         100     2.58532     1.01786  0.00239117
         100     2.59825     1.01809  0.00221076
         100     2.61117     1.01836  0.00263657
         100      2.6241     1.01675  0.00256685
         100     2.63703     1.01612  0.00243105
         100     2.64995     1.01469  0.00243382
         100     2.66288     1.01222  0.00253554
         100     2.67581     1.01732  0.00219921
         100     2.68873     1.00907  0.00233388
         100     2.70166     1.01116  0.00251377
         100     2.71459     1.01291  0.00245406
         100     2.72751     1.01353  0.00275045
         100     2.74044     1.01225  0.00230314
         100     2.75337     1.01174  0.00265041
         100     2.76629     1.00924  0.00196406
         100     2.77922     1.00663  0.00215034
         100     2.79215     1.01036  0.00234754
         100     2.80507     1.00293  0.00236204
         100       2.818     1.00536  0.00245407
         100     2.83093     1.00304  0.00243031
         100     2.84385     1.00493  0.00216167
         100     2.85678     1.00727  0.00228453
         100     2.86971     1.00377  0.00246657
         100     2.88263     1.00368  0.00217876
         100     2.89556     1.00151  0.00231316
         100     2.90849     1.00178   0.0024818
         100     2.92141    0.999386  0.00230591
         100     2.93434     1.00358  0.00220958
         100     2.94727      1.0028  0.00237603
         100     2.96019     1.00418  0.00222091
         100     2.97312     1.00163  0.00240541
         100     2.98605     1.00357  0.00216922
         100     2.99897     1.00323  0.00208177
         100      3.0119    0.999644  0.00227485
         100     3.02483      1.0007  0.00242064
         100     3.03775    0.998151  0.00211916
         100     3.05068     1.00443  0.00225192
         100     3.06361    0.998034  0.00209386
         100     3.07653    0.999645  0.00222038
         100     3.08946     1.00109  0.00200292
         100     3.10239    0.999951  0.00204717
         100     3.11531    0.998245  0.00203352
         100     3.12824    0.997059  0.00229913
         100     3.14117    0.997445  0.00215531
         100     3.15409    0.996735  0.00211055
         100     3.16702    0.998493   0.0021639
         100     3.17995    0.998537  0.00215905
         100     3.19287    0.999662  0.00200452
         100      3.2058    0.995362  0.00206183
         100     3.21873    0.997068  0.00221163
         100     3.23165    0.996741   0.0020863
         100     3.24458    0.998283  0.00192291
         100     3.25751    0.995434  0.00199646
         100     3.27043     0.99775  0.00168564
         100     3.28336    0.999227  0.00204551
         100     3.29629    0.994493  0.00206897
         100     3.30921    0.993577  0.00194514
         100     3.32214    0.997453  0.00188985
         100     3.33506    0.995015  0.00194061
         100     3.34799    0.998688  0.00208646
         100     3.36092    0.994582  0.00195498
         100     3.37384    0.998489   0.0017611
         100     3.38677    0.995605  0.00217812
         100      3.3997    0.992842  0.00180276
         100     3.41262    0.994202  0.00185602
         100     3.42555    0.996332  0.00159021
         100     3.43848     1.00052  0.00207906
         100      3.4514    0.991165  0.00199053
         100     3.46433     0.99261  0.00185086
         100     3.47726     0.99363  0.00195048
         100     3.49018    0.993296  0.00201447
         100     3.50311    0.995302  0.00174874
         100     3.51604    0.992444  0.00165952
         100     3.52896    0.993421  0.00188772
         100     3.54189    0.991497  0.00185333
         100     3.55482    0.996118  0.00154488
         100     3.56774    0.990695  0.00171535
         100     3.58067    0.996226  0.00192139
         100      3.5936    0.993801  0.00172207
         100     3.60652    0.995277  0.00188162
         100     3.61945    0.993925  0.00185559
         100     3.63238     0.99121  0.00181211
         100      3.6453    0.994455  0.00158681
         100     3.65823    0.991599  0.00173306
         100     3.67116    0.994986  0.00173141
         100     3.68408    0.993807  0.00181332
         100     3.69701    0.990441  0.00170774
         100     3.70994    0.989702  0.00187904
         100     3.72286    0.990166  0.00165959
         100     3.73579    0.989939  0.00178604
         100     3.74872    0.989332  0.00170952
         100     3.76164    0.989613  0.00175871
         100     3.77457    0.990127  0.00183098
         100      3.7875    0.990334  0.00177555
         100     3.80042    0.987912  0.00177921
         100     3.81335    0.990196  0.00161989
         100     3.82628     0.99079  0.00164472
         100      3.8392    0.990639  0.00197551
         100     3.85213    0.989058  0.00168762
         100     3.86506    0.989788  0.00170556
         100     3.87798    0.991956  0.00165079
         100     3.89091    0.992446   0.0014883
         100     3.90384     0.99159  0.00173462
         100     3.91676    0.992568  0.00175007
         100     3.92969    0.989603  0.00185486
         100     3.94262     0.99241   0.0016423
         100     3.95554    0.990103  0.00147834
         100     3.96847     0.98717  0.00140534
         100      3.9814    0.989648  0.00163473
         100     3.99432    0.986172   0.0014912
         100     4.00725    0.988737  0.00168288
         100     4.02018    0.989298   0.0015919
         100      4.0331    0.989745  0.00164024
         100     4.04603    0.990983  0.00176028
         100     4.05895    0.991597  0.00152134
         100     4.07188    0.991163  0.00169208
         100     4.08481     0.98938  0.00160077
         100     4.09773    0.989022    0.001508
         100     4.11066    0.990885  0.00149071
         100     4.12359    0.987066  0.00155932
         100     4.13651    0.988458  0.00148145
         100     4.14944    0.987033  0.00139747
         100     4.16237    0.988686  0.00152217
         100     4.17529    0.988333  0.00163168
         100     4.18822    0.989036  0.00140397
         100     4.20115    0.984559  0.00156859
         100     4.21407    0.989581  0.00160978
         100       4.227     0.98821   0.0015642
         100     4.23993    0.988674  0.00154067
         100     4.25285    0.989341   0.0016988
         100     4.26578    0.987575  0.00154939
         100     4.27871    0.988997  0.00153582
         100     4.29163    0.987968  0.00166243
         100     4.30456    0.985318  0.00140495
         100     4.31749    0.988686  0.00152829
         100     4.33041    0.990661   0.0013722
         100     4.34334      0.9898  0.00168343
         100     4.35627    0.988163  0.00139066
         100     4.36919    0.987221  0.00140801
         100     4.38212    0.989598  0.00156209
         100     4.39505    0.987471  0.00160974
         100     4.40797    0.989105  0.00150053
         100      4.4209    0.988668  0.00143228
         100     4.43383    0.987603  0.00135811
         100     4.44675    0.987066  0.00152983
         100     4.45968    0.987077  0.00151503
         100     4.47261    0.988776  0.00150027
         100     4.48553    0.987828   0.0013309
         100     4.49846    0.987943  0.00155359
         100     4.51139    0.987669   0.0014197
         100     4.52431    0.989708  0.00140721
         100     4.53724    0.987073  0.00146541
         100     4.55017    0.987707  0.00149893
         100     4.56309    0.988375   0.0012789
         100     4.57602    0.987406  0.00139188
         100     4.58895    0.987684  0.00142949
         100     4.60187    0.988033  0.00140052
         100      4.6148    0.989507  0.00139539
         100     4.62773    0.986612    0.001387
         100     4.64065    0.988957   0.0011565
         100     4.65358    0.989354  0.00163359
         100     4.66651    0.987122  0.00137697
         100     4.67943    0.985151  0.00128156
         100     4.69236    0.988143  0.00157726
         100     4.70529    0.989538  0.00129833
         100     4.71821     0.98475  0.00157539
         100     4.73114    0.984997  0.00133266
         100     4.74407     0.98818   0.0014718
         100     4.75699     0.98789  0.00134259
         100     4.76992    0.985715  0.00138541
         100     4.78285    0.987951  0.00140001
         100     4.79577     0.98564  0.00129753
         100      4.8087    0.986777  0.00151354
         100     4.82162    0.987369  0.00142283
         100     4.83455    0.986122  0.00143571
         100     4.84748    0.987575  0.00123983
         100      4.8604    0.986341  0.00134311
         100     4.87333    0.989148   0.0012797
         100     4.88626    0.986062  0.00135073
         100     4.89918    0.986152  0.00120817
         100     4.91211    0.984966  0.00130957
         100     4.92504    0.987017  0.00135005
         100     4.93796    0.989201  0.00125263
         100     4.95089    0.986699   0.0012994
         100     4.96382    0.986034  0.00134282
         100     4.97674    0.988474  0.00129233
         100     4.98967    0.987387   0.0013235
         100      5.0026    0.986394  0.00126459
         100     5.01552    0.985019  0.00125135
         100     5.02845    0.986006  0.00143654
         100     5.04138    0.987301  0.00112808
         100      5.0543    0.985937  0.00120578
         100     5.06723     0.98604  0.00117115
         100     5.08016    0.986827  0.00133169
         100     5.09308     0.98484  0.00116372
         100     5.10601    0.985244  0.00146718
         100     5.11894     0.98678   0.0012306
         100     5.13186    0.987392  0.00125572
         100     5.14479    0.987923  0.00130507
         100     5.15772    0.984077  0.00117492
         100     5.17064     0.98771  0.00125587
         100     5.18357     0.98633  0.00122628
         100      5.1965    0.986363  0.00118458
         100     5.20942    0.986213   0.0012583
         100     5.22235    0.986801  0.00127155
         100     5.23528    0.986856  0.00122937
         100      5.2482    0.986891  0.00113488
         100     5.26113    0.985443  0.00122732
         100     5.27406    0.985375  0.00119951
         100     5.28698    0.986871  0.00111592
         100     5.29991    0.988017  0.00123392
         100     5.31284    0.987609  0.00105571
         100     5.32576    0.986037  0.00120539
         100     5.33869    0.984558  0.00121423
         100     5.35162     0.98518  0.00117818
         100     5.36454    0.984949  0.00126575
         100     5.37747    0.985049  0.00136588
         100      5.3904     0.98619  0.00108479
         100     5.40332    0.986322  0.00115147
         100     5.41625    0.985533  0.00107814
         100     5.42918    0.986154  0.00117007
         100      5.4421    0.986069  0.00122257
         100     5.45503    0.986545  0.00126837
         100     5.46796    0.984673  0.00117986
         100     5.48088    0.985121  0.00125028
         100     5.49381     0.98681  0.00125253
         100     5.50674    0.985109  0.00119464
         100     5.51966    0.986923  0.00118421
         100     5.53259    0.986301  0.00113424
         100     5.54551    0.986322  0.00114488
         100     5.55844     0.98636  0.00101469
         100     5.57137    0.985358  0.00117964
         100     5.58429    0.988341   0.0011658
         100     5.59722    0.987042    0.001095
         100     5.61015      0.9881  0.00126949
         100     5.62307    0.984732  0.00100465
         100       5.636    0.986653  0.00122193
         100     5.64893    0.986552  0.00106961
         100     5.66185    0.986442  0.00092235
         100     5.67478    0.989331  0.00105013
         100     5.68771    0.988026   0.0011205
         100     5.70063    0.987095  0.00119533
         100     5.71356    0.985704  0.00106625
         100     5.72649    0.985693  0.00106091
         100     5.73941    0.986614  0.00128054
         100     5.75234    0.988158  0.00113688
         100     5.76527    0.985245  0.00115555
         100     5.77819    0.984743  0.00102018
         100     5.79112    0.985796  0.00114229
         100     5.80405    0.986283  0.00105424
         100     5.81697    0.984342  0.00104784
         100      5.8299     0.98548   0.0011263
         100     5.84283    0.984558  0.00104526
         100     5.85575    0.986398  0.00111294
         100     5.86868    0.986439  0.00117405
         100     5.88161    0.987761  0.00098381
         100     5.89453    0.987599  0.00109303
         100     5.90746    0.988101   0.0009595
         100     5.92039    0.983797  0.00102161
         100     5.93331    0.984771  0.00119304
         100     5.94624    0.985217  0.00111354
         100     5.95917    0.987855  0.00103961
         100     5.97209    0.984386  0.00109359
         100     5.98502    0.984578  0.00110486
         100     5.99795    0.985874  0.00102777
         100     6.01087     0.98683  0.00103585
         100      6.0238    0.987188  0.00114546
         100     6.03673    0.986825  0.00111979
         100     6.04965    0.986196  0.00100645
         100     6.06258    0.984805  0.00102527
         100     6.07551    0.984942  0.00100501
         100     6.08843    0.986758   0.0010096
         100     6.10136    0.985396  0.00112215
         100     6.11429    0.985578  0.00112599
         100     6.12721    0.984998  0.00106902
         100     6.14014    0.984892  0.00102234
         100     6.15307      0.9856  0.00110491
         100     6.16599    0.986627  0.00108574
         100     6.17892     0.98403  0.00104716
         100     6.19185     0.98673   0.0010478
         100     6.20477    0.985774  0.00102526
         100      6.2177    0.984657 0.000916473
         100     6.23063    0.986167 0.000968738
         100     6.24355    0.986962   0.0010991
         100     6.25648    0.986443  0.00107383
         100      6.2694    0.987464  0.00115178
         100     6.28233    0.986108  0.00109852
         100     6.29526    0.986219  0.00110015
         100     6.30818    0.985295  0.00102818
         100     6.32111    0.986395  0.00104029
         100     6.33404    0.985904 0.000981929
         100     6.34696    0.986732   0.0010892
         100     6.35989    0.984211  0.00110114
         100     6.37282    0.986161 0.000929524
         100     6.38574    0.985065  0.00100181
         100     6.39867    0.986688 0.000947547
         100      6.4116    0.986028 0.000992582
         100     6.42452    0.986883  0.00107276
         100     6.43745    0.985183 0.000951974
         100     6.45038    0.986417 0.000972703
