           1    -0.41002    -0.41002           0
           2   -0.420264   -0.415142  0.00362208
           3   -0.416652   -0.415645  0.00244946
           4   -0.416424    -0.41584  0.00184481
           5   -0.421895   -0.417051   0.0018307
           6   -0.416515   -0.416962  0.00152776
           7   -0.410592   -0.416052   0.0015571
           8   -0.414009   -0.415796  0.00138324
           9   -0.424058   -0.416714  0.00150356
          10   -0.410898   -0.416133  0.00146139
          11   -0.416531   -0.416169  0.00132899
          12   -0.418377   -0.416353  0.00123091
          13   -0.413826   -0.416159  0.00115147
          14   -0.413775   -0.415988  0.00108174
          15   -0.413618    -0.41583   0.0010211
          16   -0.411232   -0.415543 0.000996912
          17   -0.420943    -0.41586 0.000987589
          18   -0.411779   -0.415634 0.000958399
          19   -0.414547   -0.415577  0.00090966
          20   -0.408618   -0.415229 0.000928339
          21   -0.419076   -0.415412 0.000902026
          22   -0.412698   -0.415288  0.00086942
          23   -0.409207   -0.415024 0.000870893
          24   -0.414076   -0.414985 0.000835501
          25   -0.417998   -0.415105 0.000810731
          26   -0.410828   -0.414941 0.000796065
          27   -0.409026   -0.414722 0.000796151
          28   -0.414537   -0.414715 0.000767745
          29   -0.409108   -0.414522 0.000765227
          30   -0.421529   -0.414755 0.000774553
          31   -0.418212   -0.414867 0.000757553
          32   -0.416806   -0.414927 0.000736298
          33    -0.41522   -0.414936 0.000714039
          34    -0.41634   -0.414977  0.00069423
          35   -0.411278   -0.414872 0.000682393
          36   -0.420372   -0.415025 0.000680325
          37   -0.419405   -0.415143 0.000672163
          38   -0.414739   -0.415132 0.000654558
          39   -0.419707    -0.41525   0.0006482
          40   -0.417941   -0.415317 0.000635477
          41   -0.412193   -0.415241 0.000624528
          42   -0.416456    -0.41527 0.000610328
          43    -0.41325   -0.415223 0.000597939
          44   -0.416282   -0.415247 0.000584834
          45   -0.419647   -0.415345 0.000579955
          46   -0.417122   -0.415383 0.000568633
          47   -0.418247   -0.415444 0.000559791
          48   -0.408565   -0.415301 0.000566178
          49    -0.41113   -0.415216 0.000560986
          50   -0.417637   -0.415264 0.000551852
          51     -0.4124   -0.415208 0.000543882
          52   -0.416944   -0.415241 0.000534446
          53   -0.416735   -0.415269 0.000525105
          54   -0.413799   -0.415242 0.000516086
          55   -0.413225   -0.415206 0.000508005
          56   -0.412224   -0.415152 0.000501716
          57   -0.411232   -0.415084 0.000497606
          58   -0.407345    -0.41495 0.000506598
          59   -0.411423    -0.41489 0.000501527
          60   -0.410151   -0.414811 0.000499349
          61   -0.412398   -0.414772 0.000492728
          62   -0.418356    -0.41483 0.000488162
          63   -0.415667   -0.414843 0.000480594
          64   -0.415356   -0.414851 0.000473152
          65   -0.412034   -0.414808 0.000467853
          66   -0.416333   -0.414831 0.000461335
          67   -0.411657   -0.414783 0.000456874
          68   -0.413172    -0.41476 0.000450769
          69   -0.415527   -0.414771 0.000444374
          70   -0.418665   -0.414826 0.000441494
          71   -0.411695   -0.414782 0.000437474
          72   -0.410702   -0.414726 0.000435054
          73   -0.410153   -0.414663  0.00043358
          74    -0.41283   -0.414638 0.000428428
          75   -0.414493   -0.414636  0.00042272
          76    -0.40987   -0.414574 0.000421785
          77   -0.416864   -0.414603 0.000417356
          78   -0.417075   -0.414635 0.000413206
          79   -0.412831   -0.414612 0.000408606
          80   -0.408668   -0.414538 0.000410197
          81   -0.412087   -0.414508 0.000406247
          82   -0.417482   -0.414544 0.000402909
          83   -0.411802   -0.414511 0.000399407
          84   -0.414398    -0.41451 0.000394654
          85   -0.412792   -0.414489 0.000390528
          86   -0.424439   -0.414605 0.000402759
          87   -0.415271   -0.414613 0.000398202
          88   -0.415487   -0.414623 0.000393801
          89   -0.414731   -0.414624 0.000389378
          90   -0.408808   -0.414559 0.000390376
          91   -0.412566   -0.414537   0.0003867
          92   -0.408663   -0.414473 0.000387733
          93   -0.405599   -0.414378 0.000395131
          94   -0.418428   -0.414421 0.000393269
          95   -0.406992   -0.414343 0.000396827
          96    -0.41744   -0.414375 0.000394003
          97   -0.414823    -0.41438 0.000389968
          98   -0.409352   -0.414328 0.000389349
          99    -0.40871   -0.414272  0.00038953
         100   -0.411333   -0.414242 0.000386742
