           1    -0.29702
           2   -0.328721
           3   -0.457934
           4   -0.570445
           5    -0.52416
           6   -0.491558
           7   -0.454945
           8   -0.556908
           9   -0.536672
          10   -0.473795
          11   -0.472865
          12   -0.466887
          13   -0.472229
          14   -0.424181
          15   -0.414861
          16   -0.435067
          17   -0.448019
          18   -0.425211
          19   -0.423329
          20   -0.413095
          21   -0.388265
          22    -0.38479
          23   -0.306775
          24   -0.287771
          25   -0.378796
          26   -0.368431
          27   -0.309969
          28   -0.290269
          29   -0.285664
          30   -0.414469
          31   -0.325475
          32   -0.359357
          33   -0.471555
          34   -0.444416
          35   -0.462952
          36   -0.412464
          37   -0.431429
          38   -0.411203
          39   -0.463128
          40   -0.455372
          41   -0.466187
          42   -0.438244
          43   -0.416408
          44   -0.399774
          45   -0.443929
          46   -0.447272
          47   -0.472034
          48   -0.444868
          49   -0.369243
          50   -0.367907
          51   -0.415065
          52   -0.387349
          53   -0.346799
          54   -0.353117
          55   -0.417848
          56   -0.390993
          57   -0.451312
          58   -0.383901
          59   -0.405071
          60   -0.416544
          61   -0.367083
          62   -0.332107
          63   -0.405955
          64   -0.374365
          65   -0.349781
          66   -0.334855
          67   -0.364523
          68    -0.36263
          69   -0.421636
          70   -0.353347
          71   -0.358638
          72   -0.447969
          73   -0.392111
          74   -0.368272
          75   -0.371497
          76   -0.455943
          77   -0.394964
          78   -0.458873
          79   -0.400685
          80   -0.418334
          81    -0.40153
          82   -0.368214
          83   -0.374964
          84   -0.380683
          85   -0.420754
          86   -0.355192
          87   -0.370266
          88   -0.334896
          89   -0.370476
          90   -0.318113
          91   -0.386578
          92   -0.438794
          93   -0.400298
          94    -0.36792
          95   -0.364688
          96   -0.381292
          97   -0.351179
          98   -0.425573
          99   -0.542837
         100   -0.482927
         101   -0.486444
         102   -0.454238
         103    -0.45805
         104   -0.481779
         105   -0.460112
         106   -0.382299
         107   -0.348966
         108   -0.359325
         109   -0.332384
         110    -0.34688
         111   -0.378044
         112   -0.427446
         113   -0.427453
         114   -0.371335
         115   -0.375702
         116   -0.392557
         117    -0.35519
         118   -0.367834
         119   -0.358355
         120   -0.341151
         121   -0.389483
         122   -0.330041
         123   -0.364595
         124   -0.431751
         125   -0.458574
         126   -0.546132
         127   -0.456011
         128   -0.476221
         129   -0.472466
         130   -0.426443
         131   -0.395385
         132   -0.293892
         133   -0.376822
         134   -0.409103
         135   -0.400676
         136   -0.440249
         137   -0.413874
         138   -0.433637
         139   -0.452161
         140   -0.424848
         141   -0.447692
         142   -0.379287
         143   -0.394682
         144   -0.407132
         145   -0.400354
         146   -0.367858
         147   -0.377173
         148   -0.418536
         149   -0.446226
         150   -0.517146
         151   -0.522808
         152   -0.530155
         153   -0.443143
         154   -0.414827
         155   -0.352859
         156    -0.39081
         157   -0.392703
         158   -0.415214
         159   -0.382195
         160   -0.381509
         161   -0.392044
         162   -0.336194
         163   -0.379685
         164   -0.365614
         165   -0.300268
         166   -0.316064
         167   -0.368933
         168   -0.404482
         169   -0.344624
         170    -0.37462
         171   -0.424343
         172     -0.4238
         173    -0.37079
         174   -0.387059
         175   -0.337537
         176   -0.325722
         177   -0.270541
         178   -0.374083
         179   -0.342197
         180   -0.369609
         181    -0.33546
         182   -0.389351
         183   -0.379258
         184   -0.472517
         185    -0.49283
         186   -0.492448
         187   -0.495092
         188   -0.493895
         189   -0.427915
         190   -0.427583
         191   -0.391775
         192   -0.359669
         193   -0.363516
         194   -0.412158
         195   -0.423295
         196   -0.406383
         197   -0.449662
         198   -0.298694
         199   -0.366927
         200   -0.361447
         201   -0.371205
         202    -0.33468
         203   -0.387976
         204   -0.412891
         205   -0.417849
         206   -0.394965
         207   -0.443143
         208   -0.417451
         209   -0.376098
         210   -0.436127
         211    -0.49425
         212   -0.428349
         213   -0.404655
         214   -0.426951
         215   -0.459537
         216   -0.501702
         217   -0.484359
         218   -0.499656
         219   -0.447568
         220   -0.403447
         221     -0.4177
         222   -0.436399
         223    -0.47806
         224   -0.503855
         225   -0.466166
         226   -0.407372
         227   -0.406044
         228   -0.381738
         229   -0.357725
         230   -0.424008
         231   -0.480311
         232    -0.45053
         233   -0.397119
         234   -0.369776
         235   -0.378244
         236   -0.382167
         237   -0.428146
         238   -0.434978
         239   -0.443111
         240   -0.446644
         241   -0.402125
         242   -0.419702
         243     -0.3846
         244   -0.468844
         245   -0.437285
         246   -0.490868
         247    -0.44504
         248    -0.50099
         249   -0.472542
         250   -0.414054
         251   -0.458142
         252   -0.429628
         253   -0.360221
         254   -0.411811
         255   -0.426538
         256   -0.451123
         257   -0.484282
         258   -0.494105
         259   -0.443414
         260   -0.387152
         261   -0.377432
         262   -0.331041
         263    -0.39119
         264   -0.412221
         265   -0.391794
         266   -0.405246
         267   -0.363144
         268   -0.461664
         269   -0.421692
         270   -0.381356
         271   -0.390469
         272   -0.426341
         273   -0.424511
         274   -0.393876
         275   -0.382923
         276   -0.442249
         277   -0.375168
         278   -0.412214
         279   -0.385654
         280   -0.392223
         281   -0.464817
         282   -0.397665
         283   -0.428242
         284   -0.397648
         285   -0.424613
         286   -0.434636
         287   -0.472354
         288   -0.408038
         289    -0.42362
         290   -0.396307
         291   -0.444009
         292   -0.503333
         293   -0.424316
         294   -0.330598
         295   -0.352058
         296   -0.330999
         297   -0.458835
         298   -0.410081
         299   -0.306763
         300   -0.364041
         301     -0.3081
         302   -0.290361
         303    -0.34149
         304   -0.419974
         305   -0.347148
         306   -0.366323
         307   -0.396819
         308   -0.431599
         309   -0.372537
         310   -0.373942
         311   -0.460354
         312   -0.431162
         313   -0.395685
         314   -0.340012
         315   -0.485282
         316   -0.437481
         317   -0.339047
         318   -0.336202
         319   -0.402066
         320   -0.390716
         321   -0.396545
         322    -0.46258
         323    -0.39001
         324   -0.412856
         325   -0.435686
         326   -0.434964
         327   -0.356034
         328   -0.444152
         329   -0.436164
         330   -0.414601
         331    -0.43677
         332   -0.472268
         333   -0.425925
         334   -0.368089
         335   -0.294466
         336   -0.393623
         337   -0.379938
         338   -0.324086
         339   -0.287439
         340   -0.288354
         341   -0.311832
         342   -0.364014
         343    -0.30245
         344   -0.325895
         345   -0.374767
         346   -0.398937
         347   -0.331851
         348   -0.359273
         349   -0.390019
         350   -0.413263
         351   -0.327727
         352   -0.299333
         353   -0.336117
         354   -0.359061
         355   -0.360789
         356   -0.302736
         357   -0.343956
         358   -0.324179
         359    -0.35977
         360   -0.370643
         361   -0.368771
         362   -0.373573
         363   -0.407067
         364   -0.426652
         365   -0.424622
         366   -0.446843
         367   -0.451733
         368   -0.413092
         369   -0.344051
         370   -0.391079
         371    -0.46776
         372   -0.394848
         373    -0.35004
         374   -0.395146
         375   -0.427198
         376   -0.431347
         377   -0.503601
         378   -0.414045
         379   -0.413089
         380   -0.441397
         381   -0.429463
         382   -0.450723
         383   -0.414547
         384   -0.380529
         385   -0.398963
         386   -0.409294
         387   -0.341342
         388    -0.45617
         389   -0.461418
         390   -0.470606
         391   -0.438185
         392   -0.430254
         393    -0.42992
         394   -0.442618
         395   -0.486479
         396   -0.489717
         397   -0.468042
         398   -0.440368
         399   -0.438312
         400   -0.374546
         401   -0.411329
         402   -0.364435
         403   -0.379479
         404   -0.439768
         405   -0.375268
         406   -0.387587
         407   -0.389657
         408   -0.372955
         409   -0.342927
         410   -0.406142
         411   -0.459875
         412   -0.492254
         413   -0.452024
         414    -0.42219
         415   -0.423302
         416   -0.477517
         417   -0.424644
         418   -0.381363
         419   -0.331666
         420    -0.32484
         421   -0.370074
         422   -0.419474
         423   -0.465891
         424   -0.405561
         425   -0.394407
         426   -0.386123
         427   -0.433297
         428   -0.431469
         429   -0.468271
         430   -0.474419
         431   -0.441994
         432   -0.414395
         433   -0.442297
         434   -0.425026
         435   -0.475416
         436   -0.489544
         437   -0.394594
         438    -0.41101
         439   -0.480889
         440   -0.356637
         441   -0.389873
         442    -0.42664
         443   -0.415389
         444   -0.413445
         445    -0.36535
         446   -0.414954
         447   -0.441968
         448   -0.405524
         449   -0.448576
         450   -0.354879
         451   -0.365377
         452   -0.404908
         453   -0.436662
         454   -0.421898
         455   -0.484498
         456   -0.461195
         457   -0.363073
         458   -0.356075
         459   -0.368297
         460   -0.314112
         461   -0.367471
         462   -0.415454
         463   -0.359328
         464    -0.37245
         465   -0.361967
         466   -0.355059
         467   -0.318094
         468   -0.362262
         469   -0.409608
         470   -0.430319
         471   -0.429424
         472   -0.401889
         473   -0.296401
         474   -0.336039
         475   -0.363692
         476    -0.38261
         477   -0.358749
         478   -0.364618
         479   -0.487167
         480   -0.398699
         481   -0.390283
         482   -0.399805
         483   -0.422696
         484   -0.366431
         485   -0.352458
         486   -0.373385
         487   -0.401757
         488    -0.41134
         489   -0.455409
         490   -0.388358
         491   -0.372827
         492   -0.403648
         493   -0.405397
         494   -0.363179
         495   -0.386484
         496   -0.339243
         497   -0.364535
         498   -0.374366
         499   -0.392762
         500   -0.458928
         501   -0.442174
         502   -0.406797
         503   -0.460449
         504   -0.433103
         505   -0.414562
         506   -0.419962
         507   -0.371508
         508    -0.41383
         509   -0.398716
         510   -0.410566
         511   -0.388759
         512   -0.399711
         513   -0.335461
         514   -0.360558
         515   -0.362502
         516   -0.288568
         517   -0.423133
         518   -0.489962
         519   -0.451867
         520   -0.448204
         521   -0.339808
         522   -0.297695
         523   -0.435693
         524   -0.353173
         525   -0.364628
         526   -0.380497
         527    -0.37337
         528   -0.348082
         529   -0.354833
         530   -0.399072
         531   -0.400241
         532   -0.423545
         533   -0.444524
         534   -0.506528
         535   -0.456076
         536   -0.462949
         537   -0.508879
         538   -0.489651
         539   -0.472521
         540    -0.48504
         541   -0.510669
         542   -0.400266
         543   -0.421791
         544   -0.447492
         545   -0.447402
         546   -0.401693
         547   -0.433213
         548   -0.398682
         549   -0.422435
         550   -0.477592
         551   -0.424382
         552   -0.447178
         553   -0.411201
         554   -0.365334
         555   -0.424944
         556   -0.432503
         557   -0.439856
         558   -0.411918
         559   -0.407595
         560    -0.34208
         561   -0.434423
         562   -0.417343
         563   -0.517186
         564   -0.510086
         565   -0.430858
         566   -0.468932
         567   -0.470164
         568   -0.440501
         569    -0.46865
         570   -0.414282
         571    -0.41241
         572   -0.370207
         573   -0.442368
         574   -0.401992
         575   -0.401736
         576   -0.442438
         577   -0.473531
         578   -0.504538
         579   -0.399371
         580   -0.420556
         581   -0.461829
         582    -0.42585
         583   -0.458924
         584   -0.488594
         585   -0.575968
         586   -0.543169
         587    -0.50849
         588   -0.452117
         589   -0.436064
         590   -0.386746
         591   -0.351057
         592   -0.382936
         593   -0.367663
         594    -0.39386
         595   -0.431885
         596   -0.430872
         597   -0.360342
         598   -0.381847
         599   -0.372065
         600   -0.384455
         601   -0.379349
         602   -0.398443
         603   -0.359625
         604   -0.436983
         605   -0.441346
         606   -0.359565
         607   -0.325422
         608   -0.355843
         609    -0.41494
         610   -0.404682
         611   -0.391442
         612   -0.444508
         613   -0.470772
         614   -0.440664
         615   -0.394916
         616   -0.421786
         617   -0.436235
         618   -0.406521
         619   -0.408984
         620   -0.473899
         621   -0.362749
         622    -0.35377
         623   -0.418743
         624   -0.397058
         625    -0.36204
         626   -0.420996
         627   -0.407232
         628   -0.443595
         629   -0.485365
         630   -0.468261
         631   -0.439416
         632   -0.439257
         633   -0.523562
         634   -0.528438
         635   -0.436096
         636    -0.40737
         637   -0.468626
         638   -0.451919
         639    -0.41299
         640   -0.454488
         641   -0.432193
         642   -0.451791
         643   -0.419881
         644    -0.44819
         645   -0.471327
         646   -0.510157
         647   -0.458241
         648   -0.433599
         649   -0.461413
         650   -0.459412
         651   -0.427117
         652   -0.523534
         653   -0.558232
         654    -0.50943
         655   -0.445059
         656   -0.473096
         657   -0.398836
         658   -0.382864
         659   -0.373689
         660   -0.441948
         661   -0.407755
         662   -0.384674
         663   -0.400305
         664   -0.397155
         665   -0.412117
         666   -0.412934
         667   -0.386017
         668    -0.39113
         669   -0.392654
         670   -0.401763
         671   -0.393685
         672   -0.374051
         673   -0.323173
         674   -0.363699
         675   -0.379729
         676   -0.324602
         677   -0.372508
         678   -0.409606
         679   -0.369946
         680   -0.410603
         681   -0.413705
         682   -0.472009
         683   -0.398587
         684   -0.391673
         685   -0.399601
         686   -0.404098
         687   -0.439962
         688   -0.429801
         689   -0.395003
         690   -0.411646
         691    -0.40707
         692   -0.415865
         693   -0.433636
         694   -0.319166
         695   -0.385866
         696   -0.453226
         697   -0.409267
         698   -0.306815
         699   -0.295726
         700   -0.429858
         701   -0.380422
         702   -0.401058
         703   -0.402491
         704   -0.368481
         705   -0.355789
         706   -0.363054
         707    -0.45815
         708   -0.418661
         709   -0.428481
         710   -0.405252
         711   -0.385156
         712   -0.366721
         713   -0.404878
         714   -0.420149
         715   -0.436301
         716   -0.365005
         717   -0.388206
         718   -0.303851
         719   -0.387357
         720   -0.390916
         721    -0.44922
         722   -0.396953
         723   -0.379057
         724   -0.374689
         725   -0.350458
         726   -0.342408
         727   -0.373684
         728   -0.480701
         729   -0.414289
         730   -0.337197
         731   -0.430346
         732   -0.382914
         733   -0.409132
         734   -0.432611
         735   -0.437839
         736   -0.463556
         737   -0.350013
         738   -0.415161
         739   -0.431143
         740    -0.41187
         741   -0.381391
         742   -0.370552
         743   -0.314202
         744   -0.372032
         745   -0.330878
         746     -0.3572
         747   -0.392501
         748   -0.416935
         749   -0.422718
         750   -0.465077
         751   -0.439234
         752   -0.442926
         753   -0.397381
         754   -0.328114
         755   -0.374836
         756   -0.431461
         757   -0.435474
         758    -0.37771
         759   -0.402753
         760   -0.413777
         761   -0.388378
         762   -0.385301
         763   -0.402771
         764   -0.459309
         765   -0.412715
         766   -0.398562
         767   -0.440024
         768   -0.420411
         769   -0.423716
         770   -0.382548
         771   -0.389007
         772   -0.382683
         773   -0.398948
         774   -0.477399
         775    -0.38835
         776   -0.347138
         777   -0.429894
         778   -0.437816
         779   -0.441512
         780   -0.481131
         781    -0.43695
         782   -0.445783
         783   -0.383067
         784   -0.477206
         785   -0.466803
         786    -0.44072
         787   -0.478753
         788   -0.409932
         789   -0.417767
         790   -0.490537
         791    -0.50803
         792   -0.510343
         793   -0.390558
         794   -0.420606
         795   -0.347889
         796   -0.405328
         797   -0.390476
         798   -0.419104
         799   -0.410538
         800   -0.397746
         801   -0.474802
         802   -0.515177
         803   -0.484006
         804   -0.480645
         805    -0.50413
         806   -0.465212
         807   -0.417956
         808   -0.422028
         809   -0.442724
         810   -0.465717
         811   -0.455034
         812   -0.407161
         813   -0.369103
         814   -0.443048
         815   -0.438297
         816   -0.462097
         817   -0.450328
         818   -0.439026
         819   -0.453417
         820   -0.411487
         821   -0.366158
         822    -0.35981
         823   -0.357588
         824   -0.378997
         825   -0.446985
         826   -0.481226
         827   -0.522596
         828   -0.434503
         829   -0.500201
         830   -0.472689
         831   -0.422132
         832   -0.369854
         833   -0.393096
         834   -0.392346
         835    -0.39778
         836   -0.414188
         837   -0.421507
         838    -0.42051
         839   -0.463725
         840   -0.433565
         841   -0.397661
         842   -0.424533
         843   -0.431882
         844   -0.448611
         845   -0.397027
         846   -0.368115
         847   -0.436142
         848   -0.440051
         849   -0.418902
         850   -0.479812
         851   -0.425369
         852   -0.326782
         853   -0.386365
         854   -0.390811
         855   -0.328646
         856   -0.396777
         857     -0.3743
         858   -0.334882
         859   -0.324857
         860   -0.335859
         861   -0.400337
         862   -0.411726
         863   -0.414583
         864   -0.417168
         865   -0.409844
         866   -0.372444
         867   -0.308564
         868   -0.363227
         869   -0.424134
         870   -0.343031
         871   -0.389832
         872   -0.387385
         873   -0.402611
         874   -0.387264
         875    -0.39597
         876   -0.329991
         877   -0.406519
         878   -0.389486
         879   -0.447105
         880   -0.328873
         881   -0.367207
         882   -0.395995
         883   -0.416578
         884   -0.481522
         885     -0.4266
         886   -0.431366
         887   -0.442186
         888   -0.390821
         889   -0.378627
         890   -0.404141
         891   -0.369623
         892   -0.373398
         893   -0.415188
         894   -0.409122
         895   -0.428221
         896   -0.459147
         897   -0.510902
         898   -0.482376
         899   -0.387199
         900   -0.439315
         901   -0.390377
         902   -0.442235
         903   -0.403787
         904   -0.375995
         905   -0.352566
         906   -0.411823
         907   -0.477315
         908   -0.427201
         909   -0.386002
         910   -0.390845
         911   -0.375823
         912   -0.430108
         913   -0.424399
         914   -0.416895
         915   -0.352607
         916   -0.346063
         917    -0.34028
         918   -0.382269
         919   -0.400652
         920   -0.520304
         921   -0.513794
         922    -0.53232
         923   -0.468734
         924   -0.491079
         925   -0.390587
         926   -0.463607
         927    -0.43672
         928   -0.413399
         929   -0.498486
         930   -0.469445
         931   -0.454623
         932   -0.458043
         933   -0.390202
         934   -0.433041
         935   -0.344856
         936   -0.398429
         937   -0.422773
         938    -0.39389
         939   -0.383021
         940   -0.381067
         941   -0.396735
         942   -0.373977
         943   -0.484026
         944   -0.404698
         945   -0.413918
         946   -0.419632
         947   -0.307539
         948   -0.393497
         949   -0.434275
         950   -0.492115
         951    -0.51123
         952   -0.426226
         953   -0.481515
         954   -0.433928
         955   -0.428471
         956   -0.390661
         957   -0.399804
         958   -0.421827
         959   -0.417652
         960   -0.416518
         961   -0.426097
         962   -0.415383
         963   -0.516695
         964   -0.485945
         965   -0.484829
         966   -0.459867
         967   -0.423463
         968   -0.395978
         969   -0.349164
         970   -0.349751
         971   -0.372849
         972   -0.417169
         973   -0.367068
         974   -0.389582
         975   -0.455215
         976    -0.47508
         977    -0.45173
         978   -0.446674
         979   -0.489655
         980   -0.503147
         981   -0.523118
         982   -0.412786
         983   -0.402531
         984   -0.470863
         985   -0.362603
         986   -0.444138
         987   -0.445054
         988   -0.520989
         989   -0.455802
         990   -0.425288
         991   -0.401201
         992   -0.348244
         993   -0.447656
         994   -0.473928
         995   -0.461471
         996   -0.464087
         997   -0.423484
         998    -0.50012
         999   -0.460869
        1000    -0.54164
