           1   0.0599029   0.0599029           0
           2   0.0598998   0.0599014 1.09729e-06
           3   0.0598952   0.0598993 1.82077e-06
           4    0.059895   0.0598982 1.65448e-06
           5   0.0599019    0.059899 1.47892e-06
           6   0.0598939   0.0598981 1.45882e-06
           7   0.0598961   0.0598978 1.27965e-06
           8   0.0599008   0.0598982 1.17275e-06
           9   0.0599037   0.0598988 1.18904e-06
          10   0.0598972   0.0598986 1.08129e-06
          11   0.0598936   0.0598982  1.0763e-06
          12    0.059893   0.0598978 1.06855e-06
          13   0.0599002   0.0598979 1.00243e-06
          14   0.0598963   0.0598978 9.37716e-07
          15   0.0599007    0.059898 8.94109e-07
          16   0.0598941   0.0598978 8.71141e-07
          17   0.0598985   0.0598978 8.20864e-07
          18   0.0598975   0.0598978 7.75401e-07
          19   0.0598985   0.0598978 7.35559e-07
          20   0.0598989   0.0598979 7.00841e-07
          21   0.0598957   0.0598978 6.75449e-07
          22   0.0598982   0.0598978 6.45045e-07
          23   0.0598952   0.0598977 6.26863e-07
          24   0.0598926   0.0598975 6.35552e-07
          25   0.0598956   0.0598974 6.14645e-07
          26   0.0599009   0.0598975 6.05315e-07
          27   0.0599024   0.0598977 6.09468e-07
          28   0.0598985   0.0598978 5.88394e-07
          29   0.0598994   0.0598978 5.70837e-07
          30    0.059895   0.0598977 5.59584e-07
          31   0.0598974   0.0598977 5.41602e-07
          32   0.0598957   0.0598976 5.28245e-07
          33   0.0598954   0.0598976 5.16712e-07
          34   0.0598943   0.0598975 5.10586e-07
          35   0.0598966   0.0598975 4.96547e-07
          36   0.0598943   0.0598974 4.90572e-07
          37    0.059897   0.0598974 4.77411e-07
          38    0.059897   0.0598973 4.64934e-07
          39    0.059897   0.0598973 4.53079e-07
          40   0.0598952   0.0598973 4.44967e-07
          41   0.0598967   0.0598973 4.34319e-07
          42   0.0598972   0.0598973 4.23981e-07
          43   0.0598974   0.0598973 4.14127e-07
          44   0.0598979   0.0598973 4.05001e-07
          45   0.0598957   0.0598972 3.97588e-07
          46   0.0598951   0.0598972 3.91738e-07
          47   0.0598959   0.0598972 3.84439e-07
          48   0.0598965   0.0598972 3.76705e-07
          49   0.0599002   0.0598972 3.74092e-07
          50   0.0598967   0.0598972 3.66756e-07
          51   0.0598998   0.0598973 3.63025e-07
          52   0.0598998   0.0598973 3.59197e-07
          53    0.059895   0.0598973   3.551e-07
          54   0.0599004   0.0598973 3.53167e-07
          55   0.0598972   0.0598973 3.46758e-07
          56   0.0598995   0.0598974 3.42776e-07
          57   0.0599003   0.0598974 3.40656e-07
          58    0.059907   0.0598976 3.72876e-07
          59   0.0598993   0.0598976 3.67741e-07
          60   0.0599014   0.0598977 3.67117e-07
          61    0.059897   0.0598977 3.61262e-07
          62   0.0598994   0.0598977 3.56581e-07
          63   0.0599041   0.0598978  3.6536e-07
          64   0.0598933   0.0598977 3.66355e-07
          65   0.0599022   0.0598978 3.67075e-07
          66   0.0598989   0.0598978 3.61923e-07
          67   0.0598972   0.0598978 3.56649e-07
          68   0.0599033   0.0598979 3.60426e-07
          69   0.0598969   0.0598979 3.55506e-07
          70   0.0598977   0.0598979 3.50432e-07
          71   0.0599076    0.059898 3.71613e-07
          72   0.0598962    0.059898  3.6729e-07
          73   0.0598963   0.0598979 3.62981e-07
          74   0.0598939   0.0598979 3.62109e-07
          75   0.0598998   0.0598979 3.58201e-07
          76   0.0598971   0.0598979 3.53651e-07
          77   0.0598983   0.0598979 3.49091e-07
          78   0.0598989   0.0598979 3.44827e-07
          79   0.0598956   0.0598979 3.41695e-07
          80   0.0598974   0.0598979 3.37471e-07
          81   0.0598981   0.0598979 3.33312e-07
          82    0.059897   0.0598979 3.29424e-07
          83   0.0598984   0.0598979  3.2552e-07
          84   0.0599009   0.0598979 3.23583e-07
          85   0.0598963   0.0598979  3.2031e-07
          86   0.0599005   0.0598979 3.18048e-07
          87   0.0598971   0.0598979 3.14526e-07
          88   0.0598972   0.0598979 3.11067e-07
          89   0.0598986   0.0598979 3.07657e-07
          90   0.0598984   0.0598979  3.0428e-07
          91   0.0598974   0.0598979 3.00998e-07
          92   0.0599019    0.059898 3.00757e-07
          93   0.0598995    0.059898  2.9795e-07
          94   0.0598948    0.059898 2.96683e-07
          95   0.0598956   0.0598979 2.94621e-07
          96   0.0598975   0.0598979 2.91579e-07
          97    0.059901    0.059898 2.90251e-07
          98   0.0599007    0.059898 2.88633e-07
          99   0.0598997    0.059898 2.86268e-07
         100   0.0598924   0.0598979  2.8885e-07
