           1   -0.401363   -0.401363           0
           2   -0.411075   -0.406219  0.00343382
           3   -0.393584   -0.402008  0.00413109
           4    -0.40349   -0.402378  0.00311489
           5   -0.366613   -0.395225  0.00686609
           6   -0.361463   -0.389598  0.00768927
           7    -0.36044   -0.385433  0.00763612
           8   -0.391433   -0.386183  0.00671834
           9   -0.369754   -0.384357   0.0062149
          10   -0.399483    -0.38587  0.00577454
          11   -0.426794    -0.38959   0.0063357
          12   -0.398098   -0.390299  0.00584726
          13   -0.381103   -0.389592  0.00544009
          14   -0.411308   -0.391143  0.00526802
          15   -0.427853    -0.39359  0.00545577
          16   -0.406248   -0.394381  0.00517182
          17   -0.432716   -0.396636   0.0053366
          18   -0.404093   -0.397051  0.00505618
          19   -0.431006   -0.398838  0.00509612
          20   -0.431135   -0.400453  0.00509075
          21   -0.472703   -0.403893  0.00589744
          22   -0.491144   -0.407859  0.00683401
          23   -0.452685   -0.409808  0.00680912
          24   -0.413381   -0.409957  0.00652703
          25   -0.386294    -0.40901  0.00633421
          26   -0.406491   -0.408913  0.00609133
          27   -0.399827   -0.408577  0.00587501
          28   -0.410916    -0.40866  0.00566578
          29   -0.386653   -0.407902    0.005521
          30   -0.352889   -0.406068  0.00563327
          31    -0.41078    -0.40622   0.0054536
          32   -0.447171     -0.4075  0.00543125
          33    -0.40646   -0.407468  0.00526675
          34   -0.378216   -0.406608  0.00518164
          35   -0.361915   -0.405331  0.00518855
          36   -0.380909   -0.404652  0.00508858
          37   -0.402666   -0.404599  0.00495133
          38    -0.42595   -0.405161  0.00485281
          39   -0.404064   -0.405132  0.00472846
          40   -0.343858   -0.403601  0.00485205
          41   -0.365176   -0.402663  0.00482336
          42   -0.435553   -0.403446  0.00477167
          43   -0.402706   -0.403429  0.00466073
          44   -0.398853   -0.403325  0.00455596
          45   -0.385068    -0.40292  0.00447275
          46   -0.363908   -0.402071  0.00445519
          47   -0.382036   -0.401645  0.00438075
          48   -0.364571   -0.400873  0.00435704
          49    -0.37085    -0.40026  0.00431099
          50   -0.400939   -0.400274  0.00422479
          51   -0.424324   -0.400745  0.00416818
          52    -0.38894   -0.400518  0.00409421
          53   -0.433783   -0.401146  0.00406478
          54   -0.407005   -0.401254  0.00399095
          55   -0.395076   -0.401142  0.00391997
          56   -0.424088   -0.401552  0.00387133
          57   -0.400018   -0.401525   0.0038035
          58   -0.394036   -0.401396  0.00374012
          59   -0.423449   -0.401769  0.00369535
          60   -0.373619     -0.4013  0.00366343
          61   -0.365417   -0.400712   0.0036503
          62   -0.360331   -0.400061  0.00364906
          63   -0.384214   -0.399809   0.0035998
          64   -0.400427   -0.399819  0.00354357
          65   -0.403667   -0.399878  0.00348955
          66   -0.441298   -0.400506  0.00349265
          67   -0.399286   -0.400487  0.00344057
          68   -0.410069   -0.400628  0.00339286
          69   -0.376851   -0.400284  0.00336114
          70   -0.368875   -0.399835  0.00334294
          71   -0.402719   -0.399876   0.0032961
          72   -0.428261    -0.40027  0.00327381
          73   -0.442433   -0.400847  0.00327952
          74   -0.468768   -0.401765  0.00336119
          75   -0.443062   -0.402316  0.00336117
          76   -0.440167   -0.402814  0.00335364
          77   -0.415582    -0.40298  0.00331418
          78   -0.410663   -0.403078  0.00327316
          79    -0.39342   -0.402956  0.00323401
          80   -0.444782   -0.403479  0.00323557
          81   -0.484232   -0.404476  0.00334569
          82   -0.439387   -0.404902  0.00333187
          83   -0.470254   -0.405689  0.00338349
          84   -0.537516   -0.407258  0.00368926
          85   -0.515672   -0.408534  0.00386004
          86   -0.447778    -0.40899  0.00384204
          87   -0.404252   -0.408936  0.00379826
          88   -0.406646    -0.40891  0.00375519
          89    -0.44739   -0.409342   0.0037378
          90    -0.45508    -0.40985  0.00373066
          91    -0.45702   -0.410369   0.0037255
          92   -0.435065   -0.410637  0.00369466
          93   -0.443615   -0.410992  0.00367191
          94    -0.38746   -0.410741  0.00364137
          95   -0.370569   -0.410318  0.00362751
          96   -0.414972   -0.410367  0.00359005
          97   -0.367005    -0.40992  0.00358076
          98   -0.419788   -0.410021  0.00354564
          99   -0.438567   -0.410309  0.00352153
         100   -0.453151   -0.410737  0.00351228
