         100           0           0           0
         100   0.0129266           0           0
         100   0.0258532           0           0
         100   0.0387798           0           0
         100   0.0517064           0           0
         100    0.064633           0           0
         100   0.0775596           0           0
         100   0.0904863           0           0
         100    0.103413           0           0
         100    0.116339           0           0
         100    0.129266           0           0
         100    0.142193           0           0
         100    0.155119           0           0
         100    0.168046           0           0
         100    0.180973           0           0
         100    0.193899           0           0
         100    0.206826           0           0
         100    0.219752           0           0
         100    0.232679           0           0
         100    0.245606           0           0
         100    0.258532           0           0
         100    0.271459           0           0
         100    0.284385           0           0
         100    0.297312           0           0
         100    0.310239           0           0
         100    0.323165           0           0
         100    0.336092           0           0
         100    0.349018           0           0
         100    0.361945           0           0
         100    0.374872           0           0
         100    0.387798           0           0
         100    0.400725           0           0
         100    0.413651           0           0
         100    0.426578           0           0
         100    0.439505           0           0
         100    0.452431           0           0
         100    0.465358           0           0
         100    0.478285           0           0
         100    0.491211           0           0
         100    0.504138           0           0
         100    0.517064           0           0
         100    0.529991           0           0
         100    0.542918           0           0
         100    0.555844           0           0
         100    0.568771           0           0
         100    0.581697           0           0
         100    0.594624           0           0
         100    0.607551           0           0
         100    0.620477           0           0
         100    0.633404           0           0
         100     0.64633           0           0
         100    0.659257           0           0
         100    0.672184           0           0
         100     0.68511           0           0
         100    0.698037           0           0
         100    0.710963           0           0
         100     0.72389           0           0
         100    0.736817           0           0
         100    0.749743           0           0
         100     0.76267           0           0
         100    0.775596           0           0
         100    0.788523           0           0
         100     0.80145           0           0
         100    0.814376           0           0
         100    0.827303           0           0
         100     0.84023           0           0
         100    0.853156           0           0
         100    0.866083           0           0
         100    0.879009           0           0
         100    0.891936   0.0018644  0.00110221
         100    0.904863   0.0146324  0.00319682
         100    0.917789   0.0423308  0.00522885
         100    0.930716   0.0981254  0.00832061
         100    0.943642     0.21724   0.0137508
         100    0.956569     0.35964   0.0162322
         100    0.969496    0.546246   0.0222871
         100    0.982422     0.78573   0.0281664
         100    0.995349     1.06423   0.0326164
         100     1.00828     1.32986   0.0413833
         100      1.0212     1.52606   0.0394068
         100     1.03413      1.7511   0.0394168
         100     1.04706     1.91347   0.0419249
         100     1.05998      2.0372   0.0440874
         100     1.07291     2.20556   0.0452088
         100     1.08584     2.24187   0.0422825
         100     1.09876     2.26037   0.0532937
         100     1.11169     2.26117   0.0641472
         100     1.12461     2.21162   0.0464833
         100     1.13754     2.17727   0.0468822
         100     1.15047     2.23945   0.0456247
         100     1.16339      2.1641   0.0450551
         100     1.17632     2.07693   0.0396088
         100     1.18925     2.06987   0.0425414
         100     1.20217     2.06824    0.046495
         100      1.2151     1.98838   0.0467841
         100     1.22803     1.91588   0.0410674
         100     1.24095     1.84029   0.0422559
         100     1.25388      1.8233   0.0442085
         100     1.26681     1.78385   0.0435561
         100     1.27973     1.72318   0.0346865
         100     1.29266     1.70023   0.0404835
         100     1.30559     1.66581   0.0361805
         100     1.31851     1.60742   0.0294387
         100     1.33144     1.57185   0.0311278
         100     1.34437     1.57576   0.0324532
         100     1.35729     1.52289   0.0259089
         100     1.37022     1.48465   0.0252359
         100     1.38315      1.5008   0.0325904
         100     1.39607      1.3894   0.0251908
         100       1.409      1.3663   0.0279177
         100     1.42193      1.3542   0.0265407
         100     1.43485     1.32866   0.0306971
         100     1.44778     1.32268   0.0304848
         100     1.46071     1.31233   0.0274776
         100     1.47363     1.24702   0.0264872
         100     1.48656     1.22108   0.0258961
         100     1.49949     1.22262    0.028373
         100     1.51241     1.22027   0.0292727
         100     1.52534     1.18205   0.0242047
         100     1.53827     1.17234   0.0241889
         100     1.55119     1.17234   0.0262457
         100     1.56412     1.16291   0.0255531
         100     1.57705     1.15895   0.0266243
         100     1.58997     1.14596   0.0267491
         100      1.6029     1.15322   0.0263664
         100     1.61583     1.14442   0.0260068
         100     1.62875      1.1568   0.0228882
         100     1.64168     1.15939   0.0263195
         100     1.65461     1.13129   0.0243894
         100     1.66753     1.10156   0.0229851
         100     1.68046     1.11215   0.0254831
         100     1.69339      1.1008   0.0233928
         100     1.70631      1.0853   0.0206569
         100     1.71924     1.08829   0.0185175
         100     1.73217     1.11022   0.0227195
         100     1.74509     1.09194   0.0206311
         100     1.75802     1.08209   0.0216378
         100     1.77095     1.06537   0.0227628
         100     1.78387     1.05171   0.0220784
         100      1.7968     1.07321   0.0209817
         100     1.80973     1.10326   0.0214202
         100     1.82265     1.06329   0.0181689
         100     1.83558     1.08347   0.0210106
         100      1.8485     1.08283   0.0201384
         100     1.86143     1.07375   0.0167099
         100     1.87436     1.07842   0.0200121
         100     1.88728     1.06058   0.0184754
         100     1.90021     1.08219   0.0187869
         100     1.91314     1.07646   0.0192212
         100     1.92606     1.08534   0.0197167
         100     1.93899     1.07783   0.0202431
         100     1.95192     1.05713   0.0202892
         100     1.96484     1.07451   0.0197777
         100     1.97777     1.06125   0.0205746
         100      1.9907     1.07391   0.0210552
         100     2.00362     1.08784   0.0245555
         100     2.01655     1.07929   0.0217375
         100     2.02948     1.07242   0.0186837
         100      2.0424      1.0664    0.018923
         100     2.05533     1.03848   0.0183452
         100     2.06826     1.04575   0.0169312
         100     2.08118     1.04074   0.0178407
         100     2.09411      1.0452   0.0194815
         100     2.10704     1.04602   0.0203339
         100     2.11996     1.05751   0.0195138
         100     2.13289     1.04495   0.0169052
         100     2.14582      1.0403   0.0177269
         100     2.15874     1.03278   0.0175304
         100     2.17167     1.01935   0.0176744
         100      2.1846     1.01863   0.0183838
         100     2.19752     1.03192   0.0170386
         100     2.21045     1.04697   0.0178155
         100     2.22338     1.02968   0.0173488
         100      2.2363     1.03125   0.0187567
         100     2.24923     1.06255   0.0205441
         100     2.26216     1.04814   0.0169468
         100     2.27508     1.03698   0.0151925
         100     2.28801       1.046   0.0161919
         100     2.30094     1.05049    0.017074
         100     2.31386     1.04237   0.0152209
         100     2.32679      1.0097   0.0139976
         100     2.33972     1.02233   0.0162336
         100     2.35264     1.03392   0.0177871
         100     2.36557     1.03496   0.0159346
         100      2.3785     1.03002   0.0139774
         100     2.39142     1.02936   0.0146273
         100     2.40435     1.04045   0.0171623
         100     2.41728     1.06225    0.017568
         100      2.4302     1.01144    0.013734
         100     2.44313     1.02156   0.0154055
         100     2.45606     1.01891   0.0174042
         100     2.46898     1.02643   0.0176375
         100     2.48191     1.02244   0.0151077
         100     2.49484     1.00099   0.0130666
         100     2.50776     1.01114   0.0141221
         100     2.52069    0.992665    0.014221
         100     2.53362     1.01138   0.0145215
         100     2.54654     1.02882   0.0165178
         100     2.55947     1.01804   0.0147673
         100      2.5724     1.02177   0.0152468
         100     2.58532     1.00679   0.0145024
         100     2.59825     1.00526   0.0139537
         100     2.61117     1.01649   0.0152259
         100      2.6241      1.0213   0.0154318
         100     2.63703    0.995488   0.0126639
         100     2.64995    0.996298   0.0152026
         100     2.66288     1.00519   0.0142629
         100     2.67581     1.00843   0.0150634
         100     2.68873     1.02364    0.014522
         100     2.70166    0.998435    0.013534
         100     2.71459     0.99828   0.0135264
         100     2.72751     0.99425   0.0139757
         100     2.74044     1.00166   0.0129131
         100     2.75337     1.01097   0.0145968
         100     2.76629     1.00864   0.0152419
         100     2.77922     1.00291   0.0152095
         100     2.79215     1.00095   0.0148216
         100     2.80507     1.00307   0.0143977
         100       2.818     1.00282   0.0145551
         100     2.83093    0.996189   0.0139641
         100     2.84385     1.00282   0.0131773
         100     2.85678     1.00615   0.0125987
         100     2.86971    0.995054   0.0115465
         100     2.88263    0.981884   0.0128539
         100     2.89556    0.990296   0.0118093
         100     2.90849     1.01118   0.0128923
         100     2.92141    0.999293   0.0121451
         100     2.93434     1.00705    0.014448
         100     2.94727    0.994585   0.0127439
         100     2.96019    0.984142   0.0131595
         100     2.97312    0.971437   0.0123006
         100     2.98605    0.980463    0.014984
         100     2.99897    0.998203    0.015408
         100      3.0119    0.992059   0.0143457
         100     3.02483    0.989841   0.0131528
         100     3.03775    0.989788   0.0134217
         100     3.05068    0.981972   0.0116775
         100     3.06361    0.985371   0.0131135
         100     3.07653    0.984525   0.0138949
         100     3.08946     1.00069    0.012481
         100     3.10239    0.989545    0.011977
         100     3.11531    0.985435   0.0124387
         100     3.12824    0.986764   0.0118261
         100     3.14117     1.00461   0.0120154
         100     3.15409    0.981606   0.0111225
         100     3.16702     1.00049   0.0135264
         100     3.17995     0.99264   0.0131851
         100     3.19287    0.994944   0.0125508
         100      3.2058    0.986612   0.0115593
         100     3.21873    0.989101    0.012062
         100     3.23165    0.986484    0.012209
         100     3.24458    0.983327   0.0103314
         100     3.25751    0.990278   0.0110674
         100     3.27043    0.991877   0.0108085
         100     3.28336    0.986646   0.0102394
         100     3.29629    0.988789   0.0101899
         100     3.30921    0.973705   0.0100277
         100     3.32214    0.986124   0.0119527
         100     3.33506    0.977776   0.0105735
         100     3.34799    0.990674   0.0116731
         100     3.36092    0.978663   0.0101226
         100     3.37384    0.978543   0.0122545
         100     3.38677      0.9853   0.0118296
         100      3.3997    0.990553   0.0114283
         100     3.41262    0.998411   0.0114175
         100     3.42555     0.99228   0.0107561
         100     3.43848     1.01059   0.0100634
         100      3.4514     1.00194  0.00915353
         100     3.46433    0.991056  0.00888227
         100     3.47726    0.995483  0.00993166
         100     3.49018    0.991006  0.00938279
         100     3.50311    0.990428  0.00928861
         100     3.51604    0.995483   0.0101471
         100     3.52896      1.0007   0.0116331
         100     3.54189     1.01484   0.0104072
         100     3.55482     1.01526   0.0114051
         100     3.56774     1.01817   0.0110335
         100     3.58067    0.998244   0.0099155
         100      3.5936    0.988142   0.0101718
         100     3.60652    0.985335  0.00918419
         100     3.61945    0.993977   0.0092058
         100     3.63238    0.997509  0.00944466
         100      3.6453    0.993892  0.00948625
         100     3.65823    0.991521  0.00942953
         100     3.67116    0.988287  0.00894611
         100     3.68408    0.992349   0.0095822
         100     3.69701    0.985402  0.00846527
         100     3.70994    0.991685  0.00997644
         100     3.72286    0.992386   0.0109441
         100     3.73579      0.9873   0.0112152
         100     3.74872    0.987781   0.0111852
         100     3.76164    0.992282   0.0107835
         100     3.77457    0.991668   0.0107516
         100      3.7875    0.988296   0.0108604
         100     3.80042    0.993093   0.0118202
         100     3.81335    0.991626   0.0107588
         100     3.82628    0.996556   0.0109984
         100      3.8392    0.994706   0.0104404
         100     3.85213    0.998778   0.0106485
         100     3.86506     1.00995   0.0110009
         100     3.87798     1.00217  0.00997171
         100     3.89091     1.00655  0.00939959
         100     3.90384    0.998835   0.0101801
         100     3.91676     1.00714  0.00977542
         100     3.92969     1.00442  0.00949166
         100     3.94262     1.00508  0.00981072
         100     3.95554     1.01065  0.00967035
         100     3.96847     1.01665    0.009786
         100      3.9814     1.00933  0.00970803
         100     3.99432     1.02044  0.00938357
         100     4.00725     1.00563   0.0089291
         100     4.02018    0.996081  0.00878281
         100      4.0331    0.997416  0.00968419
         100     4.04603    0.988998  0.00862265
         100     4.05895    0.991048  0.00914715
         100     4.07188    0.989394  0.00978191
         100     4.08481    0.986497  0.00944052
         100     4.09773     0.99806  0.00877382
         100     4.11066     1.00621  0.00865466
         100     4.12359    0.996395  0.00894105
         100     4.13651    0.998214  0.00904796
         100     4.14944    0.992541   0.0090244
         100     4.16237     1.00098   0.0090517
         100     4.17529     1.00028  0.00781089
         100     4.18822      1.0052  0.00812002
         100     4.20115    0.999446  0.00932024
         100     4.21407    0.981065  0.00870738
         100       4.227     1.00277  0.00930195
         100     4.23993     1.00015  0.00920028
         100     4.25285    0.986563  0.00779812
         100     4.26578    0.987839   0.0077322
         100     4.27871     0.99908  0.00764083
         100     4.29163     0.99001  0.00835122
         100     4.30456    0.989334   0.0091193
         100     4.31749    0.992543  0.00830328
         100     4.33041     1.00445  0.00855978
         100     4.34334    0.991118  0.00791308
         100     4.35627    0.987327  0.00833149
         100     4.36919    0.990717  0.00854957
         100     4.38212     0.99593  0.00834269
         100     4.39505    0.992942  0.00861367
         100     4.40797    0.985665  0.00777902
         100      4.4209    0.987938  0.00739431
         100     4.43383    0.987432  0.00784926
         100     4.44675    0.997048  0.00847173
         100     4.45968    0.989022  0.00876517
         100     4.47261     0.99891  0.00882405
         100     4.48553    0.991648  0.00747733
         100     4.49846    0.998323  0.00948476
         100     4.51139    0.991891  0.00807292
         100     4.52431    0.990746   0.0081309
         100     4.53724    0.995441  0.00809969
         100     4.55017     0.99256  0.00825647
         100     4.56309    0.993074   0.0079774
         100     4.57602    0.991334  0.00858843
         100     4.58895     0.97815  0.00807478
         100     4.60187    0.987589   0.0082863
         100      4.6148     0.99301  0.00815467
         100     4.62773    0.982952  0.00800828
         100     4.64065    0.990116   0.0084054
         100     4.65358    0.979762  0.00725389
         100     4.66651    0.994607  0.00816291
         100     4.67943     1.00148   0.0074741
         100     4.69236    0.990696   0.0068193
         100     4.70529    0.986156  0.00696078
         100     4.71821    0.995024    0.008166
         100     4.73114    0.994232  0.00826943
         100     4.74407    0.993314  0.00779473
         100     4.75699    0.994355  0.00793791
         100     4.76992     1.00025  0.00756701
         100     4.78285     1.00316   0.0075699
         100     4.79577    0.993426  0.00715701
         100      4.8087    0.994683  0.00749399
         100     4.82162    0.993977  0.00737971
         100     4.83455    0.997572  0.00754207
         100     4.84748    0.992346  0.00705677
         100      4.8604    0.997377  0.00687559
         100     4.87333    0.991641  0.00637845
         100     4.88626     1.00175  0.00729608
         100     4.89918    0.999946  0.00795526
         100     4.91211     0.98772  0.00749091
         100     4.92504    0.995548  0.00764471
         100     4.93796    0.987108  0.00722163
         100     4.95089    0.982869  0.00699959
         100     4.96382    0.984048  0.00712181
         100     4.97674    0.988467  0.00713685
         100     4.98967    0.983553  0.00763779
         100      5.0026    0.979281  0.00640269
         100     5.01552    0.986062  0.00707567
         100     5.02845    0.985532  0.00602883
         100     5.04138    0.981547  0.00734083
         100      5.0543    0.984135  0.00814651
         100     5.06723    0.994981  0.00706877
         100     5.08016    0.981293  0.00643713
         100     5.09308    0.973844  0.00708556
         100     5.10601    0.986596  0.00730957
         100     5.11894    0.994902  0.00848978
         100     5.13186    0.993431  0.00770189
         100     5.14479    0.982467  0.00781499
         100     5.15772    0.984381   0.0072389
         100     5.17064    0.986011   0.0073046
         100     5.18357     0.99443  0.00735059
         100      5.1965    0.989458  0.00796376
         100     5.20942    0.987338  0.00625708
         100     5.22235     0.98255  0.00645133
         100     5.23528    0.982139  0.00636589
         100      5.2482    0.982212  0.00659256
         100     5.26113    0.983399  0.00710071
         100     5.27406    0.990585  0.00712011
         100     5.28698    0.984862  0.00736149
         100     5.29991    0.977012  0.00725839
         100     5.31284    0.971496  0.00719101
         100     5.32576    0.977649    0.006839
         100     5.33869    0.979973  0.00738609
         100     5.35162    0.972602  0.00684952
         100     5.36454    0.975482  0.00612044
         100     5.37747    0.971354  0.00685979
         100      5.3904    0.969213  0.00652596
         100     5.40332    0.971088  0.00724814
         100     5.41625    0.975579  0.00683696
         100     5.42918    0.978206  0.00810187
         100      5.4421    0.980096  0.00747744
         100     5.45503    0.980173  0.00709221
         100     5.46796    0.977676  0.00678152
         100     5.48088    0.987107  0.00687018
         100     5.49381     0.98343  0.00677668
         100     5.50674    0.986342  0.00666177
         100     5.51966    0.981021  0.00665804
         100     5.53259    0.992143  0.00702915
         100     5.54551    0.991536  0.00685498
         100     5.55844     0.99214  0.00683426
         100     5.57137    0.983008  0.00712834
         100     5.58429      0.9749  0.00716131
         100     5.59722    0.980914  0.00696631
         100     5.61015    0.984138  0.00655685
         100     5.62307    0.979543  0.00661063
         100       5.636    0.978655  0.00603866
         100     5.64893    0.974402  0.00655492
         100     5.66185    0.977505  0.00661938
         100     5.67478    0.984189  0.00681197
         100     5.68771     0.98741   0.0068487
         100     5.70063    0.988073  0.00666023
         100     5.71356    0.984051  0.00581368
         100     5.72649    0.981156  0.00648797
         100     5.73941    0.979739  0.00630244
         100     5.75234    0.981098  0.00579572
         100     5.76527    0.981006  0.00638778
         100     5.77819    0.985196  0.00613827
         100     5.79112    0.982692  0.00613207
         100     5.80405     0.98583  0.00652939
         100     5.81697    0.984084  0.00626326
         100      5.8299    0.978409  0.00641166
         100     5.84283    0.980235  0.00630367
         100     5.85575    0.987861  0.00629107
         100     5.86868    0.985193  0.00623484
         100     5.88161    0.980036  0.00622372
         100     5.89453    0.985322   0.0059935
         100     5.90746    0.978772  0.00585395
         100     5.92039    0.974354  0.00496115
         100     5.93331    0.976158  0.00568655
         100     5.94624    0.971563  0.00547514
         100     5.95917    0.973189  0.00585071
         100     5.97209    0.976423  0.00593253
         100     5.98502    0.976724  0.00547753
         100     5.99795    0.987794  0.00585455
         100     6.01087    0.988158  0.00605455
         100      6.0238    0.985328  0.00578088
         100     6.03673    0.980996  0.00616901
         100     6.04965    0.977534  0.00616366
         100     6.06258    0.974436  0.00544568
         100     6.07551    0.976492  0.00578604
         100     6.08843    0.980546  0.00599055
         100     6.10136    0.982225  0.00604958
         100     6.11429    0.982625  0.00694626
         100     6.12721    0.975869  0.00638914
         100     6.14014    0.979699  0.00621676
         100     6.15307    0.982149  0.00603872
         100     6.16599    0.979341  0.00634831
         100     6.17892    0.985648  0.00550492
         100     6.19185    0.989986  0.00549723
         100     6.20477    0.984559  0.00609947
         100      6.2177    0.986881  0.00605433
         100     6.23063    0.980987  0.00606024
         100     6.24355    0.979385   0.0062434
         100     6.25648    0.987847  0.00580158
         100      6.2694    0.989927  0.00508329
         100     6.28233    0.992674  0.00560687
         100     6.29526    0.987283  0.00553765
         100     6.30818    0.988355  0.00554777
         100     6.32111    0.984327  0.00608142
         100     6.33404    0.987475  0.00691152
         100     6.34696     0.98693  0.00618912
         100     6.35989    0.985741  0.00610935
         100     6.37282     0.98431  0.00552953
         100     6.38574    0.985054  0.00588962
         100     6.39867    0.984041  0.00601075
         100      6.4116    0.983341  0.00570271
         100     6.42452    0.979497  0.00571527
         100     6.43745    0.989279  0.00646907
         100     6.45038    0.987726  0.00658011
