           1   0.0508352   0.0508352           0
           2   0.0490792   0.0499572 0.000620809
           3   0.0458097   0.0485747  0.00120229
           4   0.0477526   0.0483692 0.000919115
           5   0.0477384    0.048243 0.000743899
           6   0.0502924   0.0485846 0.000693918
           7   0.0459117   0.0482028 0.000691912
           8   0.0513113   0.0485913 0.000706151
           9   0.0455001   0.0482479 0.000706297
          10   0.0465985   0.0480829 0.000654642
          11      0.0492   0.0481845 0.000602954
          12    0.049083   0.0482594 0.000557337
          13   0.0445741   0.0479759  0.00058211
          14   0.0454791   0.0477975 0.000567193
          15   0.0465389   0.0477136 0.000535551
          16   0.0462208   0.0476203 0.000510142
          17   0.0497904    0.047748 0.000495848
          18    0.044482   0.0475665 0.000500398
          19   0.0453467   0.0474497  0.00048751
          20   0.0459393   0.0473742 0.000468948
          21   0.0546665   0.0477214 0.000560633
          22   0.0499209   0.0478214 0.000543991
          23   0.0495817   0.0478979 0.000525696
          24   0.0486792   0.0479305 0.000504799
          25   0.0445917   0.0477969 0.000501962
          26   0.0527183   0.0479862 0.000517113
          27   0.0485456   0.0480069 0.000498376
          28   0.0500232   0.0480789 0.000485751
          29   0.0465165   0.0480251 0.000471979
          30    0.043988   0.0478905 0.000475043
          31   0.0516207   0.0480108 0.000474714
          32   0.0526317   0.0481552 0.000481341
          33   0.0472988   0.0481293 0.000467454
          34   0.0497378   0.0481766 0.000456093
          35   0.0432169   0.0480349 0.000464554
          36   0.0495743   0.0480776 0.000453614
          37   0.0493276   0.0481114  0.00044261
          38   0.0518275   0.0482092 0.000441633
          39    0.047618   0.0481941 0.000430569
          40   0.0507735   0.0482585 0.000424607
          41   0.0484244   0.0482626  0.00041427
          42   0.0539198   0.0483973 0.000425741
          43   0.0492432    0.048417 0.000416294
          44   0.0456549   0.0483542 0.000411539
          45   0.0460286   0.0483025 0.000405625
          46   0.0439661   0.0482082 0.000407614
          47   0.0507881   0.0482631 0.000402621
          48   0.0458873   0.0482136 0.000397263
          49   0.0464593   0.0481778 0.000390766
          50   0.0445617   0.0481055 0.000389586
          51   0.0530272    0.048202 0.000393718
          52   0.0457387   0.0481546 0.000388986
          53   0.0499888   0.0481892 0.000383183
          54   0.0485597   0.0481961 0.000376148
          55   0.0466259   0.0481676 0.000370391
          56   0.0517065   0.0482308 0.000369129
          57   0.0517048   0.0482917  0.00036765
          58   0.0431013   0.0482022 0.000372044
          59   0.0544852   0.0483087 0.000380673
          60   0.0487604   0.0483162 0.000374403
          61   0.0455713   0.0482712  0.00037096
          62    0.044849    0.048216  0.00036906
          63    0.047597   0.0482062 0.000363333
          64    0.050949   0.0482491 0.000360174
          65   0.0470192   0.0482301  0.00035513
          66   0.0543032   0.0483222 0.000361474
          67   0.0459998   0.0482875 0.000357737
          68   0.0455601   0.0482474 0.000354717
          69   0.0473312   0.0482341 0.000349825
          70   0.0505529   0.0482672 0.000346392
          71   0.0495827   0.0482858 0.000342008
          72   0.0524283   0.0483433 0.000342063
          73   0.0461949   0.0483139 0.000338641
          74   0.0500052   0.0483367 0.000334835
          75   0.0479437   0.0483315 0.000330412
          76   0.0472725   0.0483175 0.000326358
          77   0.0472673   0.0483039 0.000322405
          78   0.0523085   0.0483553 0.000322333
          79    0.047518   0.0483447 0.000318427
          80   0.0489688   0.0483525 0.000314542
          81   0.0536322   0.0484176 0.000317341
          82   0.0471672   0.0484024 0.000313837
          83   0.0485835   0.0484046 0.000310064
          84   0.0482974   0.0484033 0.000306375
          85   0.0514821   0.0484395 0.000304904
          86   0.0512647   0.0484724 0.000303123
          87   0.0455236   0.0484385 0.000301528
          88   0.0482043   0.0484358 0.000298114
          89   0.0470217   0.0484199 0.000295187
          90    0.048241   0.0484179 0.000291914
          91   0.0493719   0.0484284 0.000288894
          92   0.0490634   0.0484353 0.000285837
          93   0.0537523   0.0484925 0.000288424
          94   0.0469008   0.0484756 0.000285852
          95   0.0478672   0.0484692 0.000282915
          96    0.050128   0.0484864 0.000280495
          97   0.0451461    0.048452 0.000279709
          98   0.0549121   0.0485179 0.000284517
          99   0.0441139   0.0484734 0.000285099
         100   0.0526089   0.0485148 0.000285232
