           1    -5.39666    -5.39666           0
           2    -5.45946    -5.42806   0.0222052
           3      -5.506    -5.45404   0.0258668
           4    -5.42426    -5.44659   0.0204435
           5    -5.46224    -5.44972   0.0165926
           6     -5.4632    -5.45197   0.0139785
           7    -5.45876    -5.45294   0.0120152
           8    -5.37369    -5.44303   0.0140138
           9    -5.51164    -5.45066   0.0143814
          10    -5.47502    -5.45309    0.013148
          11    -5.38936     -5.4473   0.0131676
          12     -5.4468    -5.44726   0.0120703
          13    -5.45191    -5.44762   0.0111472
          14    -5.50335     -5.4516   0.0110389
          15    -5.38935    -5.44745   0.0110556
          16    -5.45357    -5.44783   0.0103712
          17     -5.4684    -5.44904  0.00983148
          18    -5.45165    -5.44918  0.00928635
          19    -5.47619     -5.4506  0.00890569
          20    -5.39563    -5.44786  0.00887447
          21    -5.46256    -5.44856  0.00847945
          22    -5.44307    -5.44831  0.00809769
          23    -5.44805     -5.4483  0.00774562
          24    -5.46381    -5.44894   0.0074498
          25     -5.4567    -5.44925  0.00715828
          26    -5.45559     -5.4495   0.0068871
          27    -5.41639    -5.44827  0.00674033
          28    -5.41867    -5.44721  0.00658201
          29    -5.42752    -5.44653  0.00638997
          30    -5.45731    -5.44689  0.00618705
          31    -5.43885    -5.44663  0.00599291
          32    -5.50874    -5.44857  0.00611187
          33    -5.45121    -5.44865  0.00592718
          34    -5.51974    -5.45075  0.00611051
          35    -5.49515    -5.45201  0.00606619
          36    -5.43949    -5.45167  0.00590765
          37    -5.43057     -5.4511  0.00577542
          38    -5.47039     -5.4516  0.00564571
          39    -5.45945     -5.4518  0.00550453
          40    -5.43124    -5.45129  0.00539087
          41    -5.46779    -5.45169  0.00527438
          42    -5.45668    -5.45181  0.00515014
          43    -5.42698    -5.45123  0.00506265
          44    -5.43668     -5.4509  0.00495839
          45    -5.49532    -5.45189  0.00494547
          46    -5.41557     -5.4511  0.00490059
          47    -5.46115    -5.45131  0.00480098
          48    -5.46984     -5.4517  0.00471646
          49    -5.47595     -5.4522  0.00464609
          50    -5.51237     -5.4534  0.00470645
          51    -5.45032    -5.45334  0.00461455
          52    -5.39941     -5.4523  0.00464088
          53    -5.43427    -5.45196  0.00456577
          54    -5.46012    -5.45211  0.00448372
          55    -5.47601    -5.45255   0.0044232
          56    -5.44684    -5.45245  0.00434539
          57    -5.44642    -5.45234  0.00427044
          58    -5.44225    -5.45217  0.00420035
          59    -5.42581    -5.45172  0.00415284
          60    -5.47717    -5.45214  0.00410524
          61    -5.45617    -5.45221  0.00403847
          62    -5.43705    -5.45196  0.00398073
          63    -5.41709    -5.45141  0.00395584
          64    -5.43875    -5.45121  0.00389898
          65    -5.44912    -5.45118  0.00383912
          66    -5.43126    -5.45088  0.00379281
          67    -5.49036    -5.45147  0.00378169
          68    -5.41867    -5.45099   0.0037567
          69    -5.42797    -5.45065  0.00371703
          70    -5.48686    -5.45117  0.00369974
          71    -5.45108    -5.45117  0.00364763
          72    -5.42925    -5.45086  0.00360965
          73    -5.45933    -5.45098  0.00356206
          74    -5.41648    -5.45051   0.0035443
          75    -5.42786    -5.45021  0.00350989
          76    -5.48371    -5.45065  0.00349128
          77    -5.47716      -5.451  0.00346287
          78    -5.47698    -5.45133  0.00343446
          79    -5.45588    -5.45139  0.00339147
          80    -5.42827     -5.4511  0.00336136
          81    -5.40121    -5.45048  0.00337581
          82    -5.41801    -5.45009  0.00335779
          83    -5.42864    -5.44983  0.00332727
          84    -5.44917    -5.44982  0.00328766
          85    -5.44303    -5.44974  0.00324996
          86    -5.50365    -5.45037  0.00327207
          87    -5.45155    -5.45038  0.00323449
          88    -5.39937     -5.4498  0.00324925
          89    -5.48042    -5.45015   0.0032309
          90    -5.44441    -5.45008  0.00319563
          91    -5.47179    -5.45032  0.00316941
          92    -5.42048       -5.45  0.00315151
          93    -5.42693    -5.44975  0.00312736
          94    -5.45705    -5.44983  0.00309506
          95    -5.45053    -5.44983  0.00306249
          96    -5.46453    -5.44999  0.00303441
          97    -5.39806    -5.44945  0.00304997
          98    -5.48087    -5.44977  0.00303565
          99    -5.46029    -5.44988  0.00300685
         100    -5.48896    -5.45027  0.00300207
