           1   -0.257319   -0.257319           0
           2    0.188213   -0.034553    0.157519
           3   0.0560994 -0.00433556    0.107872
           4  -0.0121865  -0.0062983    0.080922
           5   0.0227814 -0.000482365   0.0649463
           6  -0.0930383  -0.0159084   0.0559239
           7   0.0562035 -0.00560667   0.0488744
           8   0.0291036 -0.00126789   0.0429572
           9 -0.00659976 -0.00186032   0.0381883
          10   0.0824209   0.0065678   0.0352873
          11     0.24713   0.0284371   0.0382605
          12   0.0814646    0.032856   0.0353264
          13   0.0925928   0.0374512   0.0329065
          14   0.0716983   0.0398974   0.0306468
          15    0.163203   0.0481178   0.0296857
          16    0.028563   0.0468956   0.0278555
          17    0.192017   0.0554322   0.0274939
          18    0.182133   0.0624711   0.0268524
          19   0.0301242   0.0607686    0.025493
          20    0.168064   0.0661334   0.0247764
          21    0.087176   0.0671354   0.0236169
          22   0.0794975   0.0676973     0.02255
          23   0.0361314   0.0663249   0.0216113
          24   0.0327619   0.0649264   0.0207561
          25    0.125556   0.0673516    0.020067
          26    0.209893    0.072834   0.0200301
          27    0.208203   0.0778477   0.0199058
          28    0.169882   0.0811346   0.0194644
          29    0.210381   0.0855914   0.0192967
          30    0.205701    0.089595   0.0190643
          31    0.114158   0.0903874   0.0184658
          32    0.206874   0.0940276    0.018244
          33    0.124902   0.0949632   0.0177151
          34    0.117472   0.0956252   0.0172064
          35  -0.0712482   0.0908574   0.0173628
          36     0.12461   0.0917949   0.0169058
          37  -0.0756475   0.0872695   0.0170439
          38    0.141702   0.0887019   0.0166554
          39   0.0653478   0.0881031   0.0162391
          40   0.0841128   0.0880033   0.0158334
          41     0.29071   0.0929474   0.0162008
          42    0.182243   0.0950735    0.015954
          43    0.216209   0.0978906   0.0158297
          44   0.0686987   0.0972271   0.0154838
          45    0.126449   0.0978765   0.0151534
          46   0.0948097   0.0978098   0.0148241
          47   0.0249615   0.0962599   0.0145895
          48    0.117694   0.0967064   0.0142924
          49    0.335379    0.101577   0.0148074
          50    0.166029    0.102866   0.0145673
          51   0.0688879      0.1022   0.0142969
          52  -0.0097351    0.100047   0.0141831
          53  -0.0423068   0.0973615   0.0141675
          54     0.23071   0.0998309   0.0141187
          55    0.244039    0.102453   0.0141034
          56    0.220289    0.104557   0.0140076
          57   0.0460602    0.103531   0.0137994
          58   0.0902569    0.103302   0.0135634
          59    0.223154    0.105333   0.0134848
          60   0.0242095    0.103981   0.0133276
          61   0.0744698    0.103498   0.0131179
          62   0.0836658    0.103178   0.0129102
          63    0.115987    0.103381   0.0127069
          64    0.229314    0.105349   0.0126598
          65  -0.0739821     0.10259   0.0127621
          66    0.361492    0.106513   0.0131578
          67   0.0137125    0.105127   0.0130342
          68    0.258875    0.107388   0.0130371
          69   0.0609362    0.106715   0.0128655
          70  -0.0174314    0.104942   0.0128034
          71    0.165933    0.105801   0.0126518
          72   0.0784424    0.105421   0.0124818
          73    0.030304    0.104392   0.0123532
          74 -0.00795701    0.102874   0.0122792
          75    0.231182    0.104584   0.0122341
          76  0.00252167    0.103241   0.0121466
          77    0.200293    0.104502    0.012054
          78  -0.0544196    0.102464   0.0120705
          79  -0.0565614    0.100451   0.0120844
          80   0.0172515   0.0994114    0.011978
          81   0.0719866   0.0990728   0.0118349
          82    0.178901    0.100046   0.0117305
          83    0.119922    0.100286   0.0115916
          84   0.0407851   0.0995774   0.0114753
          85   0.0638078   0.0991566    0.011348
          86   0.0820225   0.0989574   0.0112178
          87    0.269119    0.100913   0.0112581
          88    0.150114    0.101472    0.011144
          89   0.0145839    0.100496   0.0110615
          90    0.141433    0.100951   0.0109479
          91    0.155081    0.101546   0.0108438
          92    0.246789    0.103125   0.0108402
          93 -0.00273725    0.101986   0.0107832
          94 -0.00750514    0.100821   0.0107312
          95    0.220428     0.10208   0.0106919
          96   0.0744198    0.101792   0.0105844
          97    0.251726    0.103338   0.0105875
          98     0.20707    0.104396   0.0105323
          99  -0.0016346    0.103325   0.0104802
         100    0.076704    0.103059   0.0103788
