           1    -6.64701
           2     -6.5038
           3    -6.34534
           4    -6.33636
           5    -6.25294
           6    -6.28584
           7     -6.2387
           8    -6.20372
           9    -6.16267
          10    -6.09624
          11    -6.03369
          12     -6.0696
          13    -6.03066
          14    -6.10234
          15    -6.06933
          16    -6.05678
          17     -6.0588
          18    -6.00321
          19    -5.98371
          20    -5.94391
          21    -5.86643
          22    -5.95601
          23     -5.9555
          24    -5.97346
          25    -5.87645
          26    -5.84871
          27    -5.80786
          28    -5.86612
          29     -5.8136
          30    -5.81321
          31     -5.7524
          32    -5.78459
          33    -5.78077
          34    -5.77043
          35    -5.71637
          36     -5.7609
          37    -5.75684
          38    -5.78341
          39    -5.70805
          40    -5.75324
          41    -5.72254
          42    -5.75017
          43    -5.74293
          44    -5.71077
          45    -5.81778
          46    -5.81673
          47    -5.85188
          48    -5.77298
          49    -5.90165
          50    -5.79189
          51    -5.78232
          52    -5.68646
          53    -5.61205
          54    -5.61134
          55    -5.68006
          56    -5.64898
          57    -5.57483
          58    -5.60281
          59    -5.58453
          60    -5.60909
          61    -5.57834
          62    -5.69705
          63    -5.76821
          64    -5.74925
          65     -5.7198
          66    -5.73659
          67    -5.68527
          68     -5.7051
          69    -5.67306
          70     -5.6703
          71    -5.71038
          72     -5.7331
          73    -5.71332
          74    -5.67296
          75    -5.66901
          76    -5.63904
          77    -5.65305
          78     -5.7729
          79    -5.76756
          80     -5.7828
          81    -5.83781
          82    -5.85299
          83    -5.66184
          84    -5.72299
          85    -5.75741
          86    -5.76503
          87    -5.72269
          88    -5.70303
          89    -5.77482
          90    -5.68736
          91    -5.61953
          92    -5.59685
          93    -5.63523
          94    -5.61828
          95    -5.65716
          96    -5.62783
          97    -5.64476
          98    -5.65771
          99    -5.67661
         100    -5.75905
         101     -5.7567
         102    -5.69646
         103    -5.75924
         104    -5.69845
         105     -5.6523
         106    -5.59497
         107    -5.51491
         108    -5.68637
         109    -5.61977
         110    -5.70547
         111    -5.70254
         112    -5.62657
         113    -5.58419
         114    -5.62022
         115    -5.68172
         116    -5.66842
         117    -5.58921
         118    -5.57018
         119    -5.55552
         120    -5.52182
         121    -5.60966
         122    -5.67481
         123    -5.71408
         124    -5.73061
         125    -5.80582
         126      -5.683
         127     -5.6824
         128    -5.75927
         129    -5.77149
         130    -5.59627
         131    -5.61901
         132    -5.58937
         133    -5.62442
         134    -5.59793
         135    -5.58696
         136    -5.62638
         137    -5.62934
         138    -5.62251
         139    -5.73102
         140    -5.67338
         141    -5.74682
         142    -5.68099
         143     -5.6804
         144    -5.66092
         145    -5.68329
         146    -5.66501
         147    -5.59813
         148    -5.70179
         149    -5.69473
         150    -5.65404
         151    -5.62929
         152    -5.59763
         153    -5.60916
         154    -5.56857
         155     -5.4819
         156    -5.59291
         157    -5.65199
         158    -5.66779
         159     -5.6532
         160    -5.62122
         161    -5.61843
         162    -5.55201
         163    -5.60627
         164    -5.53393
         165    -5.60998
         166    -5.56629
         167    -5.51344
         168     -5.6197
         169    -5.63536
         170    -5.65327
         171    -5.60615
         172    -5.61836
         173    -5.57917
         174    -5.66425
         175    -5.60626
         176    -5.58487
         177    -5.63518
         178    -5.57724
         179    -5.60353
         180    -5.55969
         181    -5.56535
         182    -5.65223
         183    -5.57862
         184    -5.55161
         185    -5.55089
         186    -5.64666
         187    -5.70881
         188    -5.58115
         189     -5.5225
         190    -5.65098
         191    -5.58208
         192    -5.58195
         193    -5.58005
         194    -5.56122
         195    -5.53007
         196     -5.5109
         197    -5.52184
         198    -5.45175
         199    -5.49114
         200     -5.5333
         201    -5.53646
         202    -5.52125
         203    -5.58538
         204    -5.54201
         205    -5.46039
         206    -5.44517
         207    -5.51925
         208    -5.54429
         209    -5.49804
         210     -5.5293
         211    -5.57356
         212    -5.55676
         213    -5.55884
         214    -5.62336
         215    -5.55389
         216    -5.48169
         217    -5.59189
         218    -5.58374
         219    -5.59502
         220    -5.64078
         221    -5.59365
         222    -5.50823
         223    -5.59192
         224    -5.57075
         225    -5.56476
         226    -5.53308
         227    -5.46419
         228    -5.42045
         229    -5.43087
         230     -5.4275
         231    -5.39225
         232    -5.51124
         233    -5.47907
         234    -5.50328
         235    -5.57645
         236    -5.56698
         237    -5.57579
         238     -5.5983
         239    -5.53768
         240     -5.5841
         241    -5.57236
         242    -5.57992
         243    -5.57406
         244    -5.60063
         245    -5.54877
         246     -5.5557
         247    -5.50501
         248    -5.43214
         249    -5.49394
         250    -5.48513
         251    -5.61722
         252    -5.59434
         253    -5.52736
         254    -5.49901
         255    -5.46782
         256    -5.46394
         257    -5.41656
         258     -5.4291
         259    -5.46526
         260    -5.48624
         261    -5.51138
         262    -5.57004
         263    -5.49138
         264    -5.55136
         265    -5.43266
         266    -5.37857
         267     -5.5269
         268    -5.49995
         269    -5.47013
         270    -5.53882
         271     -5.4805
         272    -5.52454
         273    -5.56185
         274     -5.6247
         275    -5.59882
         276     -5.5347
         277    -5.57342
         278    -5.48762
         279    -5.38162
         280    -5.44073
         281    -5.51936
         282     -5.5377
         283    -5.50959
         284    -5.42819
         285    -5.51017
         286    -5.55508
         287    -5.57492
         288    -5.45564
         289     -5.4732
         290    -5.42354
         291    -5.39235
         292    -5.46253
         293      -5.374
         294    -5.33832
         295    -5.27703
         296    -5.24773
         297    -5.35132
         298    -5.33036
         299    -5.34789
         300    -5.36577
         301    -5.42547
         302    -5.34678
         303    -5.37518
         304    -5.50559
         305     -5.4563
         306    -5.41329
         307     -5.4016
         308    -5.39436
         309    -5.44626
         310    -5.50014
         311    -5.51966
         312    -5.54308
         313    -5.48003
         314    -5.36277
         315     -5.3927
         316    -5.43772
         317    -5.50644
         318    -5.51271
         319    -5.50337
         320    -5.48547
         321    -5.46019
         322    -5.43541
         323    -5.49877
         324    -5.50736
         325    -5.43336
         326    -5.37035
         327    -5.35725
         328    -5.28807
         329    -5.25718
         330    -5.18712
         331    -5.33331
         332    -5.40602
         333    -5.39903
         334    -5.33787
         335    -5.40702
         336    -5.43854
         337    -5.42894
         338     -5.5003
         339    -5.40866
         340    -5.35153
         341     -5.4405
         342    -5.48082
         343    -5.52687
         344    -5.56395
         345    -5.52545
         346    -5.50325
         347    -5.42173
         348    -5.39295
         349    -5.34619
         350    -5.33743
         351    -5.30504
         352     -5.3556
         353    -5.36333
         354    -5.43444
         355    -5.38957
         356    -5.38753
         357    -5.38998
         358    -5.43525
         359    -5.51884
         360    -5.49106
         361    -5.54894
         362    -5.52899
         363    -5.53697
         364     -5.4772
         365    -5.44773
         366    -5.37507
         367     -5.3618
         368    -5.27773
         369     -5.2541
         370    -5.24333
         371    -5.31079
         372    -5.30409
         373    -5.20978
         374    -5.28064
         375    -5.23145
         376    -5.33669
         377    -5.38904
         378    -5.35558
         379    -5.26135
         380    -5.29357
         381    -5.31699
         382    -5.39484
         383    -5.39767
         384    -5.32035
         385    -5.29005
         386    -5.30613
         387    -5.36889
         388     -5.4346
         389    -5.44278
         390    -5.45588
         391    -5.37942
         392    -5.33562
         393    -5.23766
         394    -5.31333
         395    -5.47537
         396    -5.42473
         397    -5.48015
         398    -5.46477
         399    -5.53484
         400    -5.54306
         401    -5.50985
         402    -5.53267
         403    -5.44942
         404    -5.45588
         405    -5.51933
         406    -5.56699
         407    -5.51851
         408    -5.51232
         409    -5.51943
         410    -5.51657
         411    -5.44374
         412    -5.45017
         413    -5.47474
         414    -5.49142
         415    -5.45068
         416    -5.48133
         417     -5.4165
         418     -5.4629
         419    -5.44743
         420    -5.50556
         421    -5.47748
         422    -5.60829
         423    -5.63617
         424    -5.57244
         425     -5.5199
         426    -5.53926
         427    -5.51741
         428    -5.44187
         429    -5.48821
         430    -5.59302
         431    -5.53742
         432    -5.52954
         433    -5.58488
         434     -5.6313
         435    -5.51601
         436    -5.54812
         437    -5.53737
         438    -5.45457
         439    -5.56513
         440    -5.54373
         441    -5.57389
         442    -5.63099
         443    -5.49976
         444    -5.53575
         445    -5.42079
         446    -5.39514
         447    -5.47343
         448    -5.48166
         449    -5.45734
         450    -5.39679
         451    -5.36755
         452    -5.35334
         453    -5.49145
         454     -5.5046
         455    -5.55428
         456    -5.43104
         457    -5.49414
         458     -5.5663
         459     -5.5913
         460    -5.51365
         461    -5.57147
         462    -5.61152
         463    -5.62756
         464    -5.62455
         465    -5.63974
         466    -5.64826
         467    -5.64163
         468    -5.60294
         469    -5.65158
         470    -5.60231
         471    -5.54532
         472    -5.56847
         473    -5.48553
         474    -5.50531
         475     -5.5577
         476    -5.52268
         477    -5.52511
         478     -5.6303
         479    -5.47003
         480    -5.53901
         481    -5.54211
         482    -5.52598
         483    -5.46738
         484    -5.50659
         485    -5.55447
         486       -5.55
         487    -5.50887
         488    -5.42815
         489     -5.4407
         490    -5.45213
         491    -5.40781
         492    -5.47064
         493    -5.40349
         494    -5.38998
         495    -5.44699
         496     -5.5139
         497    -5.40649
         498    -5.49498
         499    -5.51217
         500    -5.51558
         501    -5.46073
         502    -5.51931
         503    -5.44058
         504    -5.36448
         505    -5.36893
         506    -5.26965
         507    -5.28698
         508    -5.44372
         509      -5.504
         510    -5.50366
         511    -5.50656
         512    -5.49189
         513    -5.42909
         514    -5.42511
         515    -5.42331
         516    -5.44673
         517     -5.5084
         518    -5.49465
         519    -5.50347
         520    -5.45061
         521    -5.44989
         522     -5.4616
         523    -5.50306
         524    -5.39485
         525    -5.35422
         526    -5.33786
         527    -5.40138
         528    -5.42286
         529    -5.47257
         530    -5.56303
         531    -5.54887
         532    -5.61301
         533    -5.60776
         534    -5.51405
         535      -5.446
         536     -5.4341
         537    -5.42464
         538    -5.45185
         539    -5.52005
         540    -5.57165
         541    -5.40521
         542    -5.38367
         543    -5.44374
         544    -5.56427
         545    -5.57071
         546    -5.56642
         547     -5.5578
         548    -5.36165
         549    -5.48066
         550    -5.47409
         551    -5.47226
         552    -5.50135
         553     -5.5251
         554    -5.45369
         555    -5.51147
         556     -5.5436
         557    -5.39567
         558    -5.43948
         559    -5.35593
         560    -5.38202
         561    -5.45334
         562    -5.45381
         563    -5.38855
         564    -5.46958
         565    -5.45728
         566     -5.4454
         567    -5.45375
         568    -5.54794
         569    -5.59048
         570    -5.58985
         571    -5.49993
         572    -5.49902
         573    -5.46382
         574    -5.46258
         575    -5.44734
         576    -5.44022
         577    -5.51034
         578    -5.53424
         579    -5.46632
         580    -5.42598
         581     -5.3659
         582    -5.50859
         583    -5.43065
         584    -5.43894
         585    -5.45558
         586    -5.51337
         587    -5.36395
         588    -5.38866
         589    -5.33454
         590    -5.37663
         591    -5.28681
         592    -5.34595
         593    -5.40597
         594    -5.47124
         595    -5.60534
         596    -5.50871
         597    -5.58917
         598    -5.69026
         599    -5.70002
         600    -5.68992
         601     -5.7427
         602    -5.61351
         603    -5.61184
         604    -5.62763
         605    -5.51516
         606    -5.51686
         607    -5.54245
         608    -5.55036
         609    -5.57107
         610    -5.58388
         611      -5.618
         612    -5.55187
         613    -5.60722
         614    -5.58493
         615     -5.5975
         616    -5.62437
         617    -5.56034
         618    -5.55202
         619    -5.47849
         620     -5.4806
         621    -5.52184
         622    -5.54152
         623    -5.47124
         624    -5.50516
         625    -5.49737
         626    -5.53893
         627    -5.50045
         628     -5.5239
         629    -5.51862
         630    -5.47128
         631     -5.5458
         632    -5.48835
         633    -5.58526
         634    -5.49771
         635    -5.57216
         636    -5.59483
         637    -5.52936
         638    -5.55168
         639    -5.56182
         640    -5.51881
         641    -5.45676
         642    -5.49962
         643    -5.48441
         644     -5.5074
         645    -5.43175
         646    -5.55352
         647    -5.58702
         648    -5.64967
         649    -5.52509
         650    -5.47185
         651    -5.49577
         652    -5.48097
         653    -5.47191
         654    -5.44994
         655    -5.49535
         656    -5.44133
         657    -5.35655
         658    -5.40028
         659     -5.4099
         660    -5.39807
         661    -5.40227
         662    -5.30263
         663    -5.41446
         664    -5.45096
         665    -5.43855
         666    -5.49198
         667    -5.53079
         668    -5.57199
         669    -5.46741
         670    -5.45574
         671    -5.41263
         672    -5.38122
         673    -5.38551
         674    -5.34404
         675    -5.51085
         676    -5.46132
         677     -5.4566
         678    -5.48342
         679     -5.5337
         680    -5.49212
         681    -5.46478
         682    -5.43484
         683    -5.41875
         684     -5.3918
         685    -5.44613
         686    -5.47377
         687    -5.49822
         688    -5.48258
         689    -5.55766
         690    -5.60107
         691    -5.60099
         692    -5.66107
         693    -5.51738
         694    -5.40426
         695    -5.39665
         696    -5.46563
         697    -5.41832
         698    -5.42153
         699    -5.45915
         700    -5.44548
         701     -5.4798
         702    -5.50044
         703    -5.46627
         704    -5.37468
         705     -5.4329
         706    -5.46409
         707     -5.4326
         708    -5.43134
         709      -5.309
         710    -5.37742
         711     -5.4054
         712    -5.39816
         713    -5.43526
         714    -5.40177
         715    -5.40069
         716    -5.33097
         717    -5.46945
         718    -5.51114
         719    -5.51392
         720    -5.46501
         721    -5.32795
         722    -5.26953
         723    -5.21019
         724    -5.16586
         725    -5.29282
         726    -5.27851
         727    -5.29112
         728    -5.37925
         729    -5.32456
         730    -5.36619
         731    -5.41177
         732    -5.37618
         733    -5.38005
         734      -5.366
         735    -5.44339
         736    -5.47639
         737     -5.4581
         738    -5.45631
         739    -5.44423
         740    -5.50473
         741    -5.59904
         742    -5.53199
         743    -5.51903
         744    -5.57306
         745    -5.62259
         746    -5.59519
         747    -5.54832
         748     -5.5445
         749    -5.57482
         750    -5.57168
         751    -5.59367
         752    -5.55229
         753    -5.57666
         754    -5.59805
         755     -5.5861
         756    -5.58382
         757    -5.57966
         758    -5.64948
         759    -5.63519
         760    -5.72035
         761    -5.69646
         762    -5.68946
         763    -5.70116
         764    -5.58878
         765    -5.55304
         766     -5.5939
         767    -5.48962
         768    -5.47579
         769    -5.44362
         770    -5.49746
         771    -5.46061
         772    -5.54424
         773    -5.54629
         774    -5.54121
         775    -5.49817
         776    -5.50452
         777    -5.47435
         778    -5.53785
         779    -5.52017
         780    -5.63503
         781    -5.59782
         782     -5.5059
         783    -5.44606
         784    -5.44901
         785    -5.58122
         786    -5.60181
         787    -5.57572
         788    -5.53622
         789    -5.61532
         790    -5.61015
         791     -5.5267
         792    -5.63149
         793    -5.58626
         794    -5.57575
         795    -5.51262
         796    -5.50932
         797    -5.54393
         798    -5.45314
         799    -5.53788
         800      -5.566
         801    -5.51662
         802    -5.49473
         803    -5.47765
         804    -5.41155
         805    -5.48322
         806    -5.51494
         807    -5.54511
         808    -5.40224
         809    -5.41025
         810    -5.42584
         811    -5.48251
         812    -5.52843
         813    -5.57146
         814    -5.52699
         815    -5.47151
         816    -5.48005
         817    -5.45471
         818    -5.42866
         819    -5.39204
         820      -5.436
         821    -5.41178
         822    -5.50796
         823    -5.40539
         824    -5.54177
         825    -5.44629
         826     -5.4834
         827    -5.55618
         828    -5.47738
         829    -5.47135
         830    -5.48588
         831    -5.51926
         832    -5.54118
         833    -5.49811
         834    -5.51131
         835    -5.40866
         836    -5.39084
         837    -5.43966
         838    -5.43408
         839    -5.56283
         840     -5.6134
         841    -5.59055
         842    -5.52907
         843    -5.61175
         844    -5.53316
         845    -5.58108
         846     -5.6518
         847    -5.57153
         848    -5.55138
         849    -5.63223
         850     -5.5659
         851    -5.46397
         852    -5.48557
         853     -5.5272
         854     -5.5621
         855    -5.50492
         856    -5.45381
         857    -5.49022
         858    -5.46886
         859    -5.41491
         860    -5.41347
         861    -5.27669
         862    -5.33927
         863    -5.37943
         864    -5.36087
         865    -5.35671
         866    -5.37491
         867    -5.36921
         868    -5.39533
         869    -5.40956
         870     -5.4205
         871    -5.53855
         872    -5.48197
         873    -5.54141
         874    -5.55364
         875    -5.53672
         876    -5.47257
         877    -5.50515
         878    -5.50118
         879    -5.43595
         880    -5.38317
         881    -5.40072
         882    -5.35963
         883    -5.33087
         884    -5.49535
         885    -5.49025
         886    -5.50538
         887     -5.4631
         888    -5.32833
         889    -5.31422
         890     -5.3533
         891    -5.37262
         892    -5.36036
         893    -5.51777
         894    -5.48591
         895    -5.44787
         896    -5.50595
         897    -5.41187
         898    -5.47596
         899     -5.3916
         900    -5.38761
         901    -5.31321
         902    -5.33571
         903    -5.33508
         904    -5.37384
         905    -5.45993
         906    -5.55522
         907    -5.50857
         908    -5.46795
         909    -5.48077
         910    -5.47101
         911    -5.41258
         912    -5.34937
         913    -5.28722
         914    -5.40924
         915    -5.39556
         916     -5.3912
         917    -5.36841
         918    -5.45202
         919    -5.33374
         920    -5.35017
         921    -5.36389
         922    -5.39015
         923    -5.30415
         924    -5.33205
         925    -5.49278
         926    -5.38852
         927    -5.45626
         928    -5.40175
         929    -5.35367
         930    -5.36071
         931    -5.40677
         932    -5.36792
         933     -5.4577
         934    -5.47654
         935      -5.398
         936    -5.36212
         937     -5.3432
         938    -5.37548
         939    -5.35217
         940    -5.31934
         941    -5.38832
         942    -5.36665
         943    -5.36881
         944    -5.47332
         945    -5.42446
         946    -5.40731
         947    -5.46943
         948    -5.44672
         949    -5.47307
         950    -5.54788
         951    -5.54258
         952    -5.44898
         953    -5.45813
         954    -5.48273
         955    -5.45129
         956    -5.53718
         957    -5.40642
         958    -5.53044
         959    -5.54414
         960    -5.53681
         961    -5.56806
         962    -5.59378
         963    -5.47964
         964    -5.48164
         965    -5.48863
         966    -5.52255
         967    -5.42238
         968    -5.46071
         969    -5.52328
         970    -5.48563
         971    -5.42434
         972    -5.36687
         973    -5.48076
         974    -5.47169
         975    -5.45152
         976     -5.4455
         977    -5.44633
         978    -5.52609
         979    -5.48235
         980    -5.48797
         981     -5.5197
         982    -5.50557
         983    -5.50065
         984    -5.47428
         985    -5.47214
         986    -5.51563
         987    -5.41363
         988    -5.43747
         989    -5.42476
         990    -5.41101
         991    -5.37518
         992     -5.4082
         993    -5.40353
         994    -5.44611
         995    -5.41329
         996    -5.35757
         997    -5.33577
         998     -5.4102
         999    -5.38028
        1000    -5.51939
