           1    -5.53648    -5.53648           0
           2    -5.45952      -5.498   0.0272077
           3    -5.47671     -5.4909   0.0190413
           4    -5.47752    -5.48756   0.0145721
           5    -5.47681    -5.48541    0.011815
           6    -5.50829    -5.48922   0.0104434
           7    -5.46978    -5.48644  0.00931348
           8    -5.48289      -5.486   0.0081599
           9     -5.4819    -5.48554  0.00726595
          10    -5.46231    -5.48322  0.00690074
          11    -5.43608    -5.47894  0.00748654
          12    -5.46274    -5.47759  0.00698322
          13    -5.46603     -5.4767  0.00650238
          14    -5.46787    -5.47607   0.0060684
          15    -5.45334    -5.47455   0.0058499
          16    -5.48025    -5.47491   0.0054951
          17    -5.45589    -5.47379  0.00528448
          18    -5.44017    -5.47192  0.00531071
          19    -5.47888    -5.47229  0.00504382
          20    -5.44796    -5.47107  0.00493614
          21    -5.46733    -5.47089   0.0047043
          22    -5.46805    -5.47076  0.00449225
          23    -5.47361    -5.47089  0.00429864
          24    -5.48262    -5.47138  0.00414722
          25    -5.45198     -5.4706  0.00405327
          26    -5.43942     -5.4694  0.00407091
          27    -5.45193    -5.46875  0.00397122
          28    -5.45406    -5.46823   0.0038639
          29    -5.44859    -5.46755  0.00378951
          30     -5.4529    -5.46706  0.00369453
          31    -5.47358    -5.46727  0.00358133
          32    -5.44567     -5.4666  0.00353247
          33    -5.46287    -5.46649  0.00342723
          34     -5.4693    -5.46657  0.00332743
          35    -5.49657    -5.46743  0.00334092
          36     -5.4648    -5.46735  0.00324891
          37    -5.50801    -5.46845  0.00334177
          38    -5.45881     -5.4682  0.00326346
          39    -5.47044    -5.46826  0.00318029
          40    -5.48042    -5.46856  0.00311528
          41    -5.42758    -5.46756  0.00319563
          42    -5.45066    -5.46716  0.00314479
          43     -5.4459    -5.46666  0.00311028
          44    -5.46548    -5.46664  0.00303971
          45    -5.45842    -5.46645  0.00297764
          46    -5.47441    -5.46663  0.00291792
          47    -5.47654    -5.46684  0.00286346
          48    -5.46728    -5.46685  0.00280382
          49    -5.41021    -5.46569  0.00297533
          50    -5.46615     -5.4657  0.00291583
          51    -5.47141    -5.46581  0.00286081
          52    -5.48678    -5.46622  0.00283407
          53    -5.48721    -5.46661  0.00280814
          54    -5.43662    -5.46606  0.00281053
          55    -5.44255    -5.46563  0.00279173
          56     -5.4523    -5.46539  0.00275201
          57    -5.46855    -5.46545  0.00270429
          58    -5.47446     -5.4656  0.00266212
          59    -5.44167     -5.4652  0.00264774
          60    -5.47783    -5.46541  0.00261197
          61    -5.46662    -5.46543  0.00256923
          62    -5.47813    -5.46563  0.00253595
          63    -5.46674    -5.46565  0.00249576
          64    -5.43672     -5.4652  0.00249736
          65    -5.50288    -5.46578  0.00252534
          66    -5.41798    -5.46505  0.00258884
          67    -5.48265    -5.46532  0.00256349
          68    -5.44113    -5.46496  0.00255035
          69    -5.46958    -5.46503  0.00251427
          70    -5.48564    -5.46532  0.00249553
          71    -5.45158    -5.46513  0.00246788
          72    -5.46212    -5.46509  0.00243395
          73    -5.48429    -5.46535  0.00241479
          74    -5.47773    -5.46552  0.00238794
          75    -5.44244    -5.46521  0.00237585
          76    -5.48691    -5.46549  0.00236168
          77    -5.43867    -5.46515  0.00235656
          78    -5.49843    -5.46557  0.00236466
          79      -5.497    -5.46597  0.00236795
          80    -5.48026    -5.46615  0.00234509
          81    -5.47457    -5.46625  0.00231844
          82     -5.4612    -5.46619  0.00229098
          83    -5.45784    -5.46609  0.00226559
          84    -5.47198    -5.46616   0.0022397
          85    -5.47405    -5.46625  0.00221527
          86    -5.47686    -5.46638  0.00219294
          87    -5.43744    -5.46604  0.00219281
          88    -5.46156    -5.46599  0.00216849
          89    -5.48812    -5.46624  0.00215832
          90    -5.45885    -5.46616   0.0021359
          91    -5.45231    -5.46601  0.00211785
          92    -5.43091    -5.46563  0.00212891
          93    -5.48677    -5.46585  0.00211812
          94    -5.48949     -5.4661  0.00211047
          95    -5.45505    -5.46599  0.00209146
          96    -5.47429    -5.46607  0.00207146
          97    -5.44154    -5.46582  0.00206549
          98    -5.43912    -5.46555  0.00206231
          99    -5.47722    -5.46567  0.00204484
         100    -5.46843    -5.46569  0.00202458
