         100           0           0           0
         100  0.00512993           0           0
         100   0.0102599           0           0
         100   0.0153898           0           0
         100   0.0205197           0           0
         100   0.0256496           0           0
         100   0.0307796           0           0
         100   0.0359095           0           0
         100   0.0410394           0           0
         100   0.0461694           0           0
         100   0.0512993           0           0
         100   0.0564292           0           0
         100   0.0615591           0           0
         100   0.0666891           0           0
         100    0.071819           0           0
         100   0.0769489           0           0
         100   0.0820788           0           0
         100   0.0872088           0           0
         100   0.0923387           0           0
         100   0.0974686           0           0
         100    0.102599           0           0
         100    0.107728           0           0
         100    0.112858           0           0
         100    0.117988           0           0
         100    0.123118           0           0
         100    0.128248           0           0
         100    0.133378           0           0
         100    0.138508           0           0
         100    0.143638           0           0
         100    0.148768           0           0
         100    0.153898           0           0
         100    0.159028           0           0
         100    0.164158           0           0
         100    0.169288           0           0
         100    0.174418           0           0
         100    0.179547           0           0
         100    0.184677           0           0
         100    0.189807           0           0
         100    0.194937           0           0
         100    0.200067           0           0
         100    0.205197           0           0
         100    0.210327           0           0
         100    0.215457           0           0
         100    0.220587           0           0
         100    0.225717           0           0
         100    0.230847           0           0
         100    0.235977           0           0
         100    0.241107           0           0
         100    0.246237           0           0
         100    0.251366           0           0
         100    0.256496           0           0
         100    0.261626           0           0
         100    0.266756           0           0
         100    0.271886           0           0
         100    0.277016           0           0
         100    0.282146           0           0
         100    0.287276           0           0
         100    0.292406           0           0
         100    0.297536           0           0
         100    0.302666           0           0
         100    0.307796           0           0
         100    0.312926           0           0
         100    0.318056           0           0
         100    0.323185           0           0
         100    0.328315           0           0
         100    0.333445           0           0
         100    0.338575           0           0
         100    0.343705           0           0
         100    0.348835           0           0
         100    0.353965           0           0
         100    0.359095           0           0
         100    0.364225           0           0
         100    0.369355           0           0
         100    0.374485           0           0
         100    0.379615           0           0
         100    0.384745           0           0
         100    0.389875           0           0
         100    0.395004           0           0
         100    0.400134           0           0
         100    0.405264           0           0
         100    0.410394           0           0
         100    0.415524           0           0
         100    0.420654           0           0
         100    0.425784           0           0
         100    0.430914           0           0
         100    0.436044           0           0
         100    0.441174           0           0
         100    0.446304           0           0
         100    0.451434           0           0
         100    0.456564           0           0
         100    0.461694           0           0
         100    0.466823           0           0
         100    0.471953           0           0
         100    0.477083           0           0
         100    0.482213           0           0
         100    0.487343           0           0
         100    0.492473           0           0
         100    0.497603           0           0
         100    0.502733           0           0
         100    0.507863           0           0
         100    0.512993           0           0
         100    0.518123           0           0
         100    0.523253           0           0
         100    0.528383           0           0
         100    0.533512           0           0
         100    0.538642           0           0
         100    0.543772           0           0
         100    0.548902           0           0
         100    0.554032           0           0
         100    0.559162           0           0
         100    0.564292           0           0
         100    0.569422           0           0
         100    0.574552           0           0
         100    0.579682           0           0
         100    0.584812           0           0
         100    0.589942           0           0
         100    0.595072           0           0
         100    0.600202           0           0
         100    0.605331           0           0
         100    0.610461           0           0
         100    0.615591           0           0
         100    0.620721           0           0
         100    0.625851           0           0
         100    0.630981           0           0
         100    0.636111           0           0
         100    0.641241           0           0
         100    0.646371           0           0
         100    0.651501           0           0
         100    0.656631           0           0
         100    0.661761           0           0
         100    0.666891           0           0
         100    0.672021           0           0
         100     0.67715           0           0
         100     0.68228           0           0
         100     0.68741           0           0
         100     0.69254           0           0
         100     0.69767           0           0
         100      0.7028           0           0
         100     0.70793           0           0
         100     0.71306           0           0
         100     0.71819           0           0
         100     0.72332           0           0
         100     0.72845           0           0
         100     0.73358           0           0
         100     0.73871           0           0
         100     0.74384           0           0
         100    0.748969           0           0
         100    0.754099           0           0
         100    0.759229           0           0
         100    0.764359           0           0
         100    0.769489           0           0
         100    0.774619           0           0
         100    0.779749           0           0
         100    0.784879           0           0
         100    0.790009           0           0
         100    0.795139           0           0
         100    0.800269           0           0
         100    0.805399           0           0
         100    0.810529           0           0
         100    0.815659           0           0
         100    0.820788           0           0
         100    0.825918           0           0
         100    0.831048           0           0
         100    0.836178           0           0
         100    0.841308           0           0
         100    0.846438           0           0
         100    0.851568           0           0
         100    0.856698           0           0
         100    0.861828 2.40293e-05 1.57571e-05
         100    0.866958 7.59892e-05 3.13023e-05
         100    0.872088 9.38756e-05 2.81627e-05
         100    0.877218  0.00040825 6.09415e-05
         100    0.882348 0.000770376 8.09661e-05
         100    0.887478   0.0016409 0.000126722
         100    0.892607  0.00340112 0.000182032
         100    0.897737  0.00632624  0.00026736
         100    0.902867   0.0113794 0.000333461
         100    0.907997   0.0190948 0.000427511
         100    0.913127   0.0318231 0.000544319
         100    0.918257   0.0485488 0.000666603
         100    0.923387   0.0748372 0.000886566
         100    0.928517    0.110254  0.00117488
         100    0.933647    0.154409  0.00130555
         100    0.938777    0.205949  0.00145114
         100    0.943907    0.275779  0.00207664
         100    0.949037     0.35678   0.0021823
         100    0.954167    0.447649  0.00263182
         100    0.959297     0.54702  0.00290197
         100    0.964426    0.662285  0.00293568
         100    0.969556    0.788126  0.00341372
         100    0.974686    0.922469  0.00366183
         100    0.979816     1.05272  0.00395871
         100    0.984946     1.19715  0.00422139
         100    0.990076     1.33611  0.00479379
         100    0.995206     1.48228  0.00423785
         100     1.00034     1.62439  0.00417571
         100     1.00547     1.74016   0.0051536
         100      1.0106     1.86909  0.00485037
         100     1.01573     1.99364  0.00478167
         100     1.02086     2.08456  0.00425168
         100     1.02599     2.18121  0.00471151
         100     1.03112     2.27752  0.00474421
         100     1.03625     2.33991  0.00446628
         100     1.04138     2.40564  0.00447015
         100     1.04651     2.46405  0.00443832
         100     1.05164     2.50283  0.00445787
         100     1.05677     2.53521  0.00481705
         100      1.0619     2.56085  0.00439445
         100     1.06702      2.5694  0.00429041
         100     1.07215     2.58763  0.00433141
         100     1.07728     2.57934  0.00426672
         100     1.08241      2.5666  0.00459535
         100     1.08754     2.55736  0.00357156
         100     1.09267     2.52761  0.00399323
         100      1.0978     2.51083  0.00414902
         100     1.10293     2.48082  0.00408572
         100     1.10806     2.44679  0.00478145
         100     1.11319     2.40972  0.00436776
         100     1.11832     2.36902   0.0038067
         100     1.12345     2.33014  0.00401886
         100     1.12858     2.28938  0.00402975
         100     1.13371     2.24256  0.00327425
         100     1.13884     2.20696   0.0043157
         100     1.14397     2.15526  0.00343909
         100      1.1491     2.10596  0.00386646
         100     1.15423     2.06967  0.00429333
         100     1.15936     2.01841  0.00369845
         100     1.16449     1.97413  0.00353106
         100     1.16962     1.92804  0.00361519
         100     1.17475     1.87555  0.00395564
         100     1.17988      1.8424  0.00359087
         100     1.18501      1.8024  0.00362999
         100     1.19014     1.75293  0.00367506
         100     1.19527     1.71105  0.00345772
         100      1.2004     1.67642  0.00344978
         100     1.20553     1.63219  0.00307012
         100     1.21066     1.59898   0.0034263
         100     1.21579     1.55972    0.003337
         100     1.22092     1.52385   0.0033583
         100     1.22605     1.49135  0.00334957
         100     1.23118     1.45303  0.00319133
         100     1.23631     1.42096  0.00312955
         100     1.24144     1.38809  0.00283441
         100     1.24657     1.35968  0.00311091
         100      1.2517     1.32717   0.0026246
         100     1.25683     1.30629  0.00279523
         100     1.26196      1.2708  0.00275412
         100     1.26709     1.24678  0.00277203
         100     1.27222     1.21877  0.00263363
         100     1.27735     1.19692  0.00266403
         100     1.28248     1.17161  0.00256635
         100     1.28761     1.14754  0.00253911
         100     1.29274     1.12271   0.0023995
         100     1.29787     1.10439  0.00273382
         100       1.303     1.08331  0.00242829
         100     1.30813     1.06007  0.00222134
         100     1.31326     1.04765  0.00216891
         100     1.31839      1.0257  0.00253954
         100     1.32352     1.00868  0.00244905
         100     1.32865    0.989134  0.00251623
         100     1.33378    0.975046  0.00205779
         100     1.33891     0.96087  0.00224349
         100     1.34404    0.947488  0.00231621
         100     1.34917    0.928798  0.00213143
         100      1.3543    0.915043  0.00225433
         100     1.35943    0.901853  0.00207313
         100     1.36456    0.887999  0.00204698
         100     1.36969    0.873584  0.00217108
         100     1.37482    0.862333  0.00191414
         100     1.37995    0.850439  0.00184876
         100     1.38508    0.839001   0.0023046
         100     1.39021    0.829807  0.00194827
         100     1.39534    0.822677  0.00187133
         100     1.40047    0.807626  0.00193938
         100      1.4056    0.799561  0.00211681
         100     1.41073    0.789061  0.00173331
         100     1.41586    0.784964  0.00182194
         100     1.42099     0.77563  0.00196368
         100     1.42612    0.764372  0.00189076
         100     1.43125    0.758381  0.00169733
         100     1.43638    0.753063  0.00201363
         100     1.44151    0.741807  0.00171265
         100     1.44664    0.738499  0.00174264
         100     1.45177    0.734001  0.00180936
         100      1.4569    0.727341  0.00171013
         100     1.46203     0.72051  0.00177056
         100     1.46716     0.71356  0.00159083
         100     1.47229    0.714082  0.00168913
         100     1.47742    0.705671  0.00167435
         100     1.48255    0.704132  0.00149192
         100     1.48768       0.697  0.00168425
         100     1.49281    0.694092  0.00170233
         100     1.49794     0.68968  0.00157962
         100     1.50307    0.684991  0.00170874
         100      1.5082    0.683135  0.00222439
         100     1.51333    0.680766  0.00175292
         100     1.51846    0.680059  0.00179613
         100     1.52359     0.67815  0.00164636
         100     1.52872    0.674856  0.00170226
         100     1.53385    0.673265  0.00164804
         100     1.53898    0.672746  0.00169067
         100     1.54411    0.671989   0.0016865
         100     1.54924       0.671  0.00174211
         100     1.55437      0.6684  0.00164572
         100      1.5595    0.670432  0.00173432
         100     1.56463    0.666313  0.00182172
         100     1.56976     0.66827   0.0015332
         100     1.57489    0.668199  0.00192768
         100     1.58002    0.670745   0.0016804
         100     1.58515    0.669604  0.00165973
         100     1.59028    0.670907  0.00170631
         100     1.59541    0.670558  0.00150741
         100     1.60054    0.675085  0.00154318
         100     1.60567    0.675625  0.00146938
         100      1.6108    0.675372  0.00152442
         100     1.61593     0.67887   0.0016256
         100     1.62106     0.68118  0.00165179
         100     1.62619    0.684229  0.00155255
         100     1.63132    0.688083  0.00137847
         100     1.63645    0.690558   0.0014384
         100     1.64158    0.693443  0.00168883
         100     1.64671    0.696725  0.00177599
         100     1.65184    0.700136  0.00185852
         100     1.65697    0.706293  0.00183793
         100      1.6621    0.711755  0.00183164
         100     1.66723      0.7094  0.00157204
         100     1.67236    0.718182  0.00174375
         100     1.67749    0.720918  0.00167576
         100     1.68262    0.723901  0.00179183
         100     1.68775    0.731825  0.00194358
         100     1.69288    0.735281  0.00158682
         100     1.69801    0.745038  0.00172503
         100     1.70314    0.750021  0.00172284
         100     1.70827    0.752268  0.00158497
         100      1.7134    0.760662  0.00154956
         100     1.71853    0.764933  0.00142186
         100     1.72366    0.770095  0.00146247
         100     1.72879    0.778177  0.00152707
         100     1.73392    0.785646  0.00171435
         100     1.73905    0.793215  0.00177058
         100     1.74418     0.80037  0.00167518
         100     1.74931    0.802263  0.00162824
         100     1.75444    0.815173  0.00175644
         100     1.75957    0.821859  0.00166201
         100      1.7647    0.829053  0.00193623
         100     1.76983    0.838939  0.00193824
         100     1.77496    0.846349  0.00179864
         100     1.78008    0.849737  0.00162278
         100     1.78521    0.861456  0.00196247
         100     1.79034    0.866419  0.00199106
         100     1.79547    0.879318  0.00190333
         100      1.8006    0.885893   0.0016942
         100     1.80573    0.893546  0.00178789
         100     1.81086    0.901724  0.00181351
         100     1.81599    0.908993  0.00175735
         100     1.82112    0.920585   0.0017403
         100     1.82625    0.924391  0.00175774
         100     1.83138    0.934921  0.00168677
         100     1.83651     0.94334  0.00167649
         100     1.84164    0.951219  0.00194219
         100     1.84677    0.958657   0.0015343
         100      1.8519    0.969027   0.0019135
         100     1.85703    0.976983  0.00173785
         100     1.86216    0.986279   0.0017218
         100     1.86729    0.993812  0.00183594
         100     1.87242     1.00048  0.00185422
         100     1.87755     1.00652  0.00171849
         100     1.88268     1.01874  0.00215959
         100     1.88781     1.02493  0.00179994
         100     1.89294     1.03344  0.00185606
         100     1.89807     1.03974  0.00169439
         100      1.9032     1.04759   0.0018304
         100     1.90833     1.05987  0.00168784
         100     1.91346     1.06471  0.00186037
         100     1.91859      1.0717  0.00194593
         100     1.92372     1.08047  0.00191741
         100     1.92885     1.09045  0.00193186
         100     1.93398     1.09533  0.00192687
         100     1.93911     1.10346  0.00154626
         100     1.94424     1.11022  0.00179108
         100     1.94937     1.11683  0.00161133
         100      1.9545     1.12514  0.00171167
         100     1.95963     1.13208  0.00173709
         100     1.96476     1.13536  0.00134456
         100     1.96989     1.14303  0.00174839
         100     1.97502     1.14834  0.00164175
         100     1.98015     1.15371  0.00163664
         100     1.98528     1.16474  0.00172295
         100     1.99041     1.16544  0.00158134
         100     1.99554     1.17242  0.00161746
         100     2.00067     1.17516  0.00181164
         100      2.0058     1.18573  0.00166612
         100     2.01093     1.18484  0.00144628
         100     2.01606     1.19075  0.00167007
         100     2.02119     1.19562  0.00157403
         100     2.02632      1.1988   0.0015655
         100     2.03145     1.20206  0.00158368
         100     2.03658     1.20353  0.00163972
         100     2.04171     1.20838  0.00145126
         100     2.04684     1.20868  0.00168428
         100     2.05197     1.21485  0.00171356
         100      2.0571     1.21175  0.00149512
         100     2.06223     1.21721  0.00172355
         100     2.06736      1.2171  0.00153197
         100     2.07249      1.2155  0.00177478
         100     2.07762     1.21333  0.00187863
         100     2.08275     1.21787  0.00171643
         100     2.08788     1.21794  0.00170014
         100     2.09301     1.21403  0.00183237
         100     2.09814     1.21517  0.00174321
         100     2.10327     1.21671  0.00154848
         100      2.1084     1.21246  0.00171325
         100     2.11353     1.21179  0.00161238
         100     2.11866     1.20779  0.00191933
         100     2.12379      1.2057  0.00163907
         100     2.12892     1.20327  0.00173799
         100     2.13405     1.19816  0.00163459
         100     2.13918      1.1945  0.00165785
         100     2.14431     1.18926  0.00169885
         100     2.14944     1.18795  0.00173216
         100     2.15457     1.18232   0.0020086
         100      2.1597     1.18228  0.00168924
         100     2.16483     1.17688  0.00170699
         100     2.16996     1.17397  0.00163642
         100     2.17509     1.16816  0.00166093
         100     2.18022     1.16289  0.00174378
         100     2.18535     1.15578  0.00159852
         100     2.19048     1.15239  0.00173339
         100     2.19561     1.14534  0.00177432
         100     2.20074     1.14176  0.00178623
         100     2.20587     1.13623   0.0016427
         100       2.211     1.13176  0.00177758
         100     2.21613     1.12408  0.00157926
         100     2.22126     1.11758  0.00155894
         100     2.22639     1.11547  0.00136319
         100     2.23152     1.10388  0.00147642
         100     2.23665     1.10194  0.00154823
         100     2.24178     1.09663  0.00155826
         100     2.24691     1.09178  0.00138265
         100     2.25204     1.08563  0.00144859
         100     2.25717     1.07993  0.00147648
         100      2.2623     1.07391  0.00147034
         100     2.26743     1.06992  0.00155426
         100     2.27256      1.0641  0.00146243
         100     2.27769      1.0563  0.00143846
         100     2.28282     1.05188  0.00154268
         100     2.28795     1.04511  0.00150958
         100     2.29308     1.03852  0.00138951
         100     2.29821       1.035  0.00149022
         100     2.30334     1.02992  0.00135391
         100     2.30847     1.02281  0.00151734
         100      2.3136     1.01689  0.00145973
         100     2.31873     1.01253  0.00138761
         100     2.32386     1.00812  0.00132218
         100     2.32899     1.00221  0.00145873
         100     2.33412    0.995677  0.00153901
         100     2.33925    0.993217  0.00121727
         100     2.34438     0.98794  0.00123319
         100     2.34951     0.98633  0.00137801
         100     2.35464    0.979099  0.00123657
         100     2.35977    0.977063  0.00140809
         100      2.3649    0.974207  0.00137498
         100     2.37003    0.966479  0.00128611
         100     2.37516    0.963253  0.00143277
         100     2.38029    0.958187  0.00125443
         100     2.38542    0.956168  0.00135373
         100     2.39055    0.952366  0.00121137
         100     2.39568    0.948665  0.00122215
         100     2.40081    0.943795  0.00112106
         100     2.40594    0.941453  0.00126676
         100     2.41107    0.938042  0.00117172
         100      2.4162    0.932573  0.00128371
         100     2.42133    0.933332   0.0012454
         100     2.42646    0.928234  0.00138916
         100     2.43159    0.924552   0.0011405
         100     2.43672    0.923854  0.00132184
         100     2.44185    0.921835  0.00114135
         100     2.44698    0.917814  0.00118067
         100     2.45211    0.918353  0.00122977
         100     2.45724    0.913119  0.00125583
         100     2.46237    0.912731  0.00125597
         100      2.4675    0.910043  0.00124364
         100     2.47263    0.907951  0.00116839
         100     2.47776      0.9061  0.00128991
         100     2.48289     0.90624   0.0010947
         100     2.48802    0.902194  0.00120746
         100     2.49314    0.902085  0.00108473
         100     2.49827    0.891824  0.00106887
         100      2.5034    0.888234  0.00112025
         100     2.50853    0.887896  0.00126653
         100     2.51366    0.885248   0.0011649
         100     2.51879    0.884932  0.00131286
         100     2.52392     0.88372  0.00128812
         100     2.52905     0.88501 0.000925261
         100     2.53418    0.883471  0.00118844
         100     2.53931    0.882441  0.00119659
         100     2.54444    0.882799  0.00132039
         100     2.54957    0.882683  0.00132662
         100      2.5547    0.883524  0.00126817
         100     2.55983    0.885989  0.00112067
