         100           0           0           0
         100  0.00512993           0           0
         100   0.0102599           0           0
         100   0.0153898           0           0
         100   0.0205197           0           0
         100   0.0256496           0           0
         100   0.0307796           0           0
         100   0.0359095           0           0
         100   0.0410394           0           0
         100   0.0461694           0           0
         100   0.0512993           0           0
         100   0.0564292           0           0
         100   0.0615591           0           0
         100   0.0666891           0           0
         100    0.071819           0           0
         100   0.0769489           0           0
         100   0.0820788           0           0
         100   0.0872088           0           0
         100   0.0923387           0           0
         100   0.0974686           0           0
         100    0.102599           0           0
         100    0.107728           0           0
         100    0.112858           0           0
         100    0.117988           0           0
         100    0.123118           0           0
         100    0.128248           0           0
         100    0.133378           0           0
         100    0.138508           0           0
         100    0.143638           0           0
         100    0.148768           0           0
         100    0.153898           0           0
         100    0.159028           0           0
         100    0.164158           0           0
         100    0.169288           0           0
         100    0.174418           0           0
         100    0.179547           0           0
         100    0.184677           0           0
         100    0.189807           0           0
         100    0.194937           0           0
         100    0.200067           0           0
         100    0.205197           0           0
         100    0.210327           0           0
         100    0.215457           0           0
         100    0.220587           0           0
         100    0.225717           0           0
         100    0.230847           0           0
         100    0.235977           0           0
         100    0.241107           0           0
         100    0.246237           0           0
         100    0.251366           0           0
         100    0.256496           0           0
         100    0.261626           0           0
         100    0.266756           0           0
         100    0.271886           0           0
         100    0.277016           0           0
         100    0.282146           0           0
         100    0.287276           0           0
         100    0.292406           0           0
         100    0.297536           0           0
         100    0.302666           0           0
         100    0.307796           0           0
         100    0.312926           0           0
         100    0.318056           0           0
         100    0.323185           0           0
         100    0.328315           0           0
         100    0.333445           0           0
         100    0.338575           0           0
         100    0.343705           0           0
         100    0.348835           0           0
         100    0.353965           0           0
         100    0.359095           0           0
         100    0.364225           0           0
         100    0.369355           0           0
         100    0.374485           0           0
         100    0.379615           0           0
         100    0.384745           0           0
         100    0.389875           0           0
         100    0.395004           0           0
         100    0.400134           0           0
         100    0.405264           0           0
         100    0.410394           0           0
         100    0.415524           0           0
         100    0.420654           0           0
         100    0.425784           0           0
         100    0.430914           0           0
         100    0.436044           0           0
         100    0.441174           0           0
         100    0.446304           0           0
         100    0.451434           0           0
         100    0.456564           0           0
         100    0.461694           0           0
         100    0.466823           0           0
         100    0.471953           0           0
         100    0.477083           0           0
         100    0.482213           0           0
         100    0.487343           0           0
         100    0.492473           0           0
         100    0.497603           0           0
         100    0.502733           0           0
         100    0.507863           0           0
         100    0.512993           0           0
         100    0.518123           0           0
         100    0.523253           0           0
         100    0.528383           0           0
         100    0.533512           0           0
         100    0.538642           0           0
         100    0.543772           0           0
         100    0.548902           0           0
         100    0.554032           0           0
         100    0.559162           0           0
         100    0.564292           0           0
         100    0.569422           0           0
         100    0.574552           0           0
         100    0.579682           0           0
         100    0.584812           0           0
         100    0.589942           0           0
         100    0.595072           0           0
         100    0.600202           0           0
         100    0.605331           0           0
         100    0.610461           0           0
         100    0.615591           0           0
         100    0.620721           0           0
         100    0.625851           0           0
         100    0.630981           0           0
         100    0.636111           0           0
         100    0.641241           0           0
         100    0.646371           0           0
         100    0.651501           0           0
         100    0.656631           0           0
         100    0.661761           0           0
         100    0.666891           0           0
         100    0.672021           0           0
         100     0.67715           0           0
         100     0.68228           0           0
         100     0.68741           0           0
         100     0.69254           0           0
         100     0.69767           0           0
         100      0.7028           0           0
         100     0.70793           0           0
         100     0.71306           0           0
         100     0.71819           0           0
         100     0.72332           0           0
         100     0.72845           0           0
         100     0.73358           0           0
         100     0.73871           0           0
         100     0.74384           0           0
         100    0.748969           0           0
         100    0.754099           0           0
         100    0.759229           0           0
         100    0.764359           0           0
         100    0.769489           0           0
         100    0.774619           0           0
         100    0.779749           0           0
         100    0.784879           0           0
         100    0.790009           0           0
         100    0.795139           0           0
         100    0.800269           0           0
         100    0.805399           0           0
         100    0.810529           0           0
         100    0.815659           0           0
         100    0.820788           0           0
         100    0.825918           0           0
         100    0.831048           0           0
         100    0.836178           0           0
         100    0.841308           0           0
         100    0.846438           0           0
         100    0.851568           0           0
         100    0.856698           0           0
         100    0.861828 8.65056e-05 8.60719e-05
         100    0.866958 3.79946e-05 3.78042e-05
         100    0.872088 0.000164282 0.000102702
         100    0.877218 0.000426806 0.000173543
         100    0.882348  0.00107761 0.000265122
         100    0.887478  0.00242508 0.000426637
         100    0.892607  0.00358037 0.000443715
         100    0.897737   0.0066009 0.000668217
         100    0.902867   0.0119708  0.00102763
         100    0.907997   0.0218795  0.00142156
         100    0.913127    0.033853  0.00150281
         100    0.918257   0.0531013  0.00208408
         100    0.923387   0.0791802  0.00205856
         100    0.928517    0.115067  0.00262884
         100    0.933647    0.162545  0.00363996
         100    0.938777    0.218106  0.00397513
         100    0.943907    0.290085  0.00456384
         100    0.949037    0.362344  0.00445084
         100    0.954167    0.462611   0.0050415
         100    0.959297    0.556032  0.00574827
         100    0.964426    0.675211  0.00741161
         100    0.969556    0.808306    0.007045
         100    0.974686     0.94642  0.00715249
         100    0.979816     1.08424  0.00750292
         100    0.984946      1.2229  0.00882155
         100    0.990076     1.35035  0.00914403
         100    0.995206     1.49749   0.0105615
         100     1.00034     1.61222    0.011471
         100     1.00547     1.73775   0.0112045
         100      1.0106     1.87052   0.0118009
         100     1.01573     1.99239   0.0106622
         100     1.02086     2.10915   0.0110179
         100     1.02599     2.20514   0.0115836
         100     1.03112     2.27985   0.0128898
         100     1.03625     2.34527   0.0124263
         100     1.04138     2.42261    0.011792
         100     1.04651     2.46631   0.0109845
         100     1.05164     2.49842   0.0117129
         100     1.05677     2.55068   0.0135852
         100      1.0619      2.5693   0.0151122
         100     1.06702     2.57578   0.0135826
         100     1.07215      2.5906   0.0122957
         100     1.07728     2.58712   0.0132671
         100     1.08241     2.58283   0.0120984
         100     1.08754     2.57633   0.0117533
         100     1.09267      2.5376   0.0114676
         100      1.0978     2.49861   0.0114663
         100     1.10293     2.48253   0.0129397
         100     1.10806     2.43353   0.0123112
         100     1.11319      2.4096   0.0117815
         100     1.11832     2.38002    0.012365
         100     1.12345     2.34599   0.0104026
         100     1.12858     2.31037   0.0105404
         100     1.13371     2.26297   0.0121989
         100     1.13884     2.19868   0.0116973
         100     1.14397     2.14866   0.0107851
         100      1.1491      2.1043   0.0100397
         100     1.15423     2.05704   0.0100965
         100     1.15936      2.0138   0.0105624
         100     1.16449     1.97097   0.0104156
         100     1.16962     1.92601  0.00934579
         100     1.17475     1.88265   0.0099755
         100     1.17988       1.859   0.0116761
         100     1.18501     1.80088    0.010313
         100     1.19014     1.75414  0.00997175
         100     1.19527     1.70336  0.00921401
         100      1.2004     1.65812  0.00924795
         100     1.20553     1.61861  0.00894938
         100     1.21066     1.57922  0.00888841
         100     1.21579     1.55191  0.00914908
         100     1.22092     1.50408   0.0100329
         100     1.22605     1.48053  0.00946683
         100     1.23118      1.4444  0.00885105
         100     1.23631     1.40608  0.00828291
         100     1.24144     1.37983  0.00848167
         100     1.24657        1.34  0.00779583
         100      1.2517     1.31681  0.00855341
         100     1.25683     1.28584  0.00880469
         100     1.26196     1.26093  0.00843979
         100     1.26709     1.23046  0.00941539
         100     1.27222     1.20881    0.008895
         100     1.27735     1.19412  0.00837058
         100     1.28248     1.16443  0.00856562
         100     1.28761     1.14679  0.00862038
         100     1.29274     1.11796  0.00808728
         100     1.29787     1.09742  0.00823846
         100       1.303      1.0735  0.00743274
         100     1.30813     1.05433  0.00754605
         100     1.31326     1.03617    0.008104
         100     1.31839     1.01874  0.00701445
         100     1.32352    0.988973  0.00671597
         100     1.32865     0.97635   0.0073122
         100     1.33378    0.961103  0.00677156
         100     1.33891    0.944113  0.00665824
         100     1.34404      0.9325  0.00684395
         100     1.34917    0.913015  0.00657904
         100      1.3543    0.904736  0.00692444
         100     1.35943    0.886179  0.00622093
         100     1.36456    0.873912  0.00575806
         100     1.36969    0.858648  0.00571379
         100     1.37482    0.846303  0.00597195
         100     1.37995    0.831796  0.00582576
         100     1.38508    0.821123  0.00622599
         100     1.39021    0.818846  0.00621529
         100     1.39534    0.801333  0.00512221
         100     1.40047    0.793565  0.00554171
         100      1.4056    0.783493   0.0051792
         100     1.41073    0.786342  0.00576993
         100     1.41586    0.780113  0.00564205
         100     1.42099    0.760946  0.00552497
         100     1.42612     0.75883  0.00534247
         100     1.43125    0.756192  0.00487088
         100     1.43638    0.749424  0.00533007
         100     1.44151    0.742193  0.00489551
         100     1.44664    0.727354  0.00500441
         100     1.45177    0.723772  0.00536809
         100      1.4569    0.720982  0.00541556
         100     1.46203    0.712035  0.00589028
         100     1.46716    0.703597  0.00554808
         100     1.47229    0.696497  0.00511106
         100     1.47742    0.701797  0.00512025
         100     1.48255    0.700585  0.00515454
         100     1.48768    0.687363   0.0048329
         100     1.49281     0.68939   0.0051687
         100     1.49794    0.691034  0.00559552
         100     1.50307    0.688458  0.00455687
         100      1.5082    0.688009  0.00458459
         100     1.51333     0.68674  0.00500197
         100     1.51846    0.680554  0.00483737
         100     1.52359    0.678305  0.00485626
         100     1.52872    0.679699  0.00478207
         100     1.53385    0.678667  0.00471079
         100     1.53898    0.681657  0.00476981
         100     1.54411    0.678262   0.0046178
         100     1.54924      0.6832  0.00453549
         100     1.55437    0.678052  0.00499344
         100      1.5595    0.678171  0.00509334
         100     1.56463    0.680148  0.00507636
         100     1.56976    0.678086  0.00461689
         100     1.57489    0.674683   0.0042192
         100     1.58002       0.677    0.004755
         100     1.58515    0.672296  0.00436848
         100     1.59028    0.676027  0.00423275
         100     1.59541    0.677459  0.00463884
         100     1.60054    0.680957  0.00542599
         100     1.60567    0.680053  0.00530974
         100      1.6108    0.678871  0.00497467
         100     1.61593    0.683147  0.00492697
         100     1.62106    0.681902  0.00435579
         100     1.62619    0.687286  0.00427112
         100     1.63132    0.694493  0.00465997
         100     1.63645    0.697084  0.00492998
         100     1.64158    0.701984  0.00480201
         100     1.64671    0.708895  0.00496175
         100     1.65184    0.709682  0.00484923
         100     1.65697    0.712394  0.00504199
         100      1.6621    0.712027  0.00427399
         100     1.66723    0.718744  0.00477141
         100     1.67236    0.721231  0.00468103
         100     1.67749    0.730378   0.0045258
         100     1.68262    0.733732  0.00411093
         100     1.68775    0.735997  0.00455335
         100     1.69288    0.741011  0.00453451
         100     1.69801    0.744304  0.00478302
         100     1.70314    0.750514  0.00499321
         100     1.70827    0.756395  0.00533691
         100      1.7134    0.762353  0.00484972
         100     1.71853    0.770174  0.00483566
         100     1.72366    0.778032  0.00483418
         100     1.72879    0.788519  0.00478884
         100     1.73392    0.790753  0.00518053
         100     1.73905    0.798675  0.00529495
         100     1.74418    0.803196  0.00562535
         100     1.74931    0.816679  0.00479554
         100     1.75444    0.828545  0.00465659
         100     1.75957    0.837401  0.00521075
         100      1.7647    0.846987  0.00521346
         100     1.76983     0.85814  0.00477603
         100     1.77496    0.855913  0.00512262
         100     1.78008     0.86268  0.00503047
         100     1.78521    0.871696  0.00450444
         100     1.79034    0.880085  0.00489071
         100     1.79547    0.887166   0.0051326
         100      1.8006    0.898729  0.00476504
         100     1.80573    0.907053  0.00525566
         100     1.81086      0.9095  0.00561522
         100     1.81599    0.918005  0.00481367
         100     1.82112    0.923306  0.00459277
         100     1.82625    0.933075  0.00461482
         100     1.83138    0.943183  0.00494356
         100     1.83651    0.952808   0.0047783
         100     1.84164    0.959989  0.00452437
         100     1.84677    0.965879  0.00513998
         100      1.8519    0.968681  0.00452214
         100     1.85703    0.977362  0.00533674
         100     1.86216    0.990967  0.00491446
         100     1.86729     1.00064  0.00525462
         100     1.87242     1.00411  0.00480666
         100     1.87755       1.015  0.00523889
         100     1.88268     1.02377   0.0045893
         100     1.88781     1.02956  0.00435222
         100     1.89294     1.03935  0.00471052
         100     1.89807     1.04617  0.00513381
         100      1.9032     1.05171  0.00548356
         100     1.90833     1.06043  0.00576889
         100     1.91346     1.06461  0.00513991
         100     1.91859     1.07168  0.00486251
         100     1.92372     1.08197   0.0051531
         100     1.92885     1.09195   0.0051998
         100     1.93398     1.09876  0.00511631
         100     1.93911     1.10264  0.00521805
         100     1.94424     1.11311  0.00469931
         100     1.94937     1.11616  0.00483972
         100      1.9545     1.12253  0.00492419
         100     1.95963     1.13856  0.00489297
         100     1.96476     1.14371   0.0053005
         100     1.96989     1.14479   0.0050969
         100     1.97502     1.14877  0.00548652
         100     1.98015     1.15852  0.00572011
         100     1.98528     1.16042  0.00611166
         100     1.99041      1.1644  0.00572254
         100     1.99554     1.16675  0.00538877
         100     2.00067     1.17686  0.00447164
         100      2.0058     1.18377  0.00423494
         100     2.01093     1.18627   0.0047544
         100     2.01606     1.19176  0.00548882
         100     2.02119     1.19352  0.00531398
         100     2.02632     1.19953  0.00548164
         100     2.03145     1.21041  0.00560377
         100     2.03658     1.21518   0.0052989
         100     2.04171     1.20822  0.00531955
         100     2.04684     1.21062  0.00485654
         100     2.05197      1.2104  0.00570767
         100      2.0571     1.20909  0.00541817
         100     2.06223     1.21525  0.00526416
         100     2.06736     1.21765  0.00488296
         100     2.07249     1.21569  0.00489492
         100     2.07762     1.20989  0.00502359
         100     2.08275      1.2085  0.00477167
         100     2.08788     1.21175  0.00453361
         100     2.09301     1.21338  0.00481833
         100     2.09814     1.21042  0.00453191
         100     2.10327     1.20871    0.004481
         100      2.1084     1.21107  0.00425835
         100     2.11353     1.20456  0.00510855
         100     2.11866     1.20461   0.0051401
         100     2.12379     1.19999    0.005089
         100     2.12892     1.18673  0.00445641
         100     2.13405     1.18162  0.00525079
         100     2.13918     1.18176  0.00540408
         100     2.14431     1.17546  0.00554158
         100     2.14944     1.18518  0.00487597
         100     2.15457      1.1797  0.00464152
         100      2.1597     1.17323  0.00418884
         100     2.16483     1.17705  0.00458553
         100     2.16996     1.17282  0.00482325
         100     2.17509     1.17122  0.00541264
         100     2.18022     1.16045   0.0049889
         100     2.18535     1.15706  0.00488021
         100     2.19048     1.15465   0.0048041
         100     2.19561     1.14429  0.00465029
         100     2.20074     1.13407  0.00477972
         100     2.20587     1.13218  0.00493728
         100       2.211     1.12436  0.00471488
         100     2.21613     1.11756  0.00484846
         100     2.22126     1.11642  0.00475219
         100     2.22639     1.11098  0.00461383
         100     2.23152     1.10517  0.00421715
         100     2.23665     1.09314  0.00471076
         100     2.24178     1.08831  0.00458982
         100     2.24691     1.08182  0.00478372
         100     2.25204     1.07295  0.00448148
         100     2.25717     1.07024  0.00474541
         100      2.2623     1.06667  0.00398105
         100     2.26743      1.0549  0.00402029
         100     2.27256     1.05486  0.00391172
         100     2.27769      1.0497  0.00450912
         100     2.28282     1.04222  0.00444807
         100     2.28795     1.03385  0.00420627
         100     2.29308     1.02293   0.0040167
         100     2.29821     1.01836  0.00393698
         100     2.30334     1.01489  0.00405522
         100     2.30847     1.01679  0.00385053
         100      2.3136     1.01248  0.00404206
         100     2.31873     1.00784  0.00426082
         100     2.32386    0.992439  0.00401003
         100     2.32899    0.990511  0.00395937
         100     2.33412    0.983458  0.00391822
         100     2.33925    0.979059  0.00407438
         100     2.34438    0.976077   0.0044749
         100     2.34951    0.971059  0.00475698
         100     2.35464    0.970863  0.00462887
         100     2.35977    0.962822  0.00475366
         100      2.3649    0.963618  0.00385072
         100     2.37003    0.958023  0.00411837
         100     2.37516    0.953348  0.00391114
         100     2.38029    0.949299  0.00366965
         100     2.38542    0.947002  0.00380767
         100     2.39055    0.945427  0.00371707
         100     2.39568    0.942468  0.00351095
         100     2.40081    0.939889  0.00351092
         100     2.40594    0.937188  0.00347086
         100     2.41107     0.93595  0.00334962
         100      2.4162    0.935322    0.003381
         100     2.42133    0.928079   0.0036375
         100     2.42646    0.925504  0.00395042
         100     2.43159    0.921287  0.00367856
         100     2.43672    0.920079  0.00385198
         100     2.44185    0.917542  0.00317677
         100     2.44698    0.915225  0.00347832
         100     2.45211    0.912905  0.00316843
         100     2.45724    0.907239  0.00311738
         100     2.46237    0.906322  0.00323033
         100      2.4675    0.906715  0.00327615
         100     2.47263    0.902306  0.00310875
         100     2.47776    0.900013  0.00319095
         100     2.48289    0.898654  0.00307244
         100     2.48802      0.8985  0.00300132
         100     2.49314    0.898751  0.00362944
         100     2.49827    0.897472  0.00354687
         100      2.5034    0.898293   0.0035839
         100     2.50853    0.905485  0.00369405
         100     2.51366    0.904087  0.00372184
         100     2.51879    0.899578  0.00335862
         100     2.52392    0.897264  0.00377886
         100     2.52905    0.897721  0.00384841
         100     2.53418    0.897356  0.00364387
         100     2.53931    0.893659  0.00330539
         100     2.54444    0.898296  0.00348621
         100     2.54957    0.894769  0.00353243
         100      2.5547    0.899053  0.00368239
         100     2.55983    0.896141  0.00372427
