         0   904.044
         1   833.953
         2   786.873
         3   737.922
         4   691.667
         5   663.239
         6   619.518
         7   583.782
         8   568.655
         9   545.684
        10   523.431
        11   514.394
        12   504.659
        13   489.012
        14   481.052
        15   477.051
        16   471.318
        17   467.667
        18   462.546
        19   448.956
        20    441.77
        21   436.304
        22   430.912
        23   430.085
        24   429.858
        25   425.144
        26   419.248
        27   415.908
        28   411.362
        29   409.741
        30   409.106
        31   408.935
        32   403.797
        33   395.235
        34   390.291
        35   389.906
        36   388.007
        37    383.98
        38   379.685
        39   373.799
        40    371.54
        41   370.473
        42   370.446
        43    367.85
        44   363.894
        45   363.894
        46   363.894
        47   363.894
        48   363.879
        49   362.352
        50   356.974
        51   354.869
        52   353.485
        53     353.1
        54    352.95
        55   352.945
        56   352.425
        57   351.298
        58   351.021
        59   351.015
        60   350.307
        61   349.592
        62   349.592
        63   349.592
        64   349.592
        65   349.592
        66   349.592
        67   349.592
        68   349.592
        69   349.592
        70   349.592
        71   349.592
        72   349.592
        73   349.592
        74   349.592
        75   349.592
        76   349.592
        77   349.592
        78   349.592
        79   349.592
        80   349.586
        81   348.936
        82   347.858
        83   345.105
        84   342.909
        85   342.909
        86   342.909
        87   342.909
        88   342.909
        89   342.909
        90   342.909
        91   342.909
        92   342.909
        93   342.909
        94   342.903
        95   342.141
        96   341.322
        97   337.996
        98   336.023
        99   336.023
       100   336.023
       101   336.023
       102   336.023
       103   336.023
       104    336.02
       105   335.688
       106    335.42
       107   335.403
       108   333.602
       109    331.04
       110    331.04
       111    331.04
       112    331.04
       113    331.04
       114    331.04
       115    331.04
       116    331.04
       117    331.04
       118    331.04
       119    331.04
       120    331.04
       121    331.04
       122    331.04
       123    331.04
       124    331.04
       125    331.04
       126    331.04
       127    331.04
       128    331.04
       129    331.04
       130    331.04
       131    331.04
       132    331.04
       133    331.04
       134    331.04
       135    331.04
       136    331.04
       137   331.039
       138   330.869
       139   330.597
       140    330.54
       141   330.509
       142    330.48
       143   330.459
       144   330.421
       145   330.397
       146   328.372
       147   324.401
       148   324.287
       149   322.916
       150   320.746
       151   320.742
       152   320.225
       153   319.737
       154   319.736
       155   319.598
       156   317.427
       157   315.978
       158   315.978
       159   315.978
       160   315.978
       161   315.978
       162   315.978
       163   315.955
       164   313.504
       165     310.3
       166     310.3
       167     310.3
       168     310.3
       169     310.3
       170     310.3
       171     310.3
       172     310.3
       173     310.3
       174     310.3
       175     310.3
       176     310.3
       177     310.3
       178     310.3
       179     310.3
       180     310.3
       181     310.3
       182   310.295
       183   309.593
       184    308.99
       185    308.99
       186    308.99
       187    308.99
       188    308.99
       189    308.99
       190    308.99
       191    308.99
       192    308.99
       193    308.99
       194   308.989
       195   308.765
       196   308.528
       197   308.528
       198   308.527
       199   308.382
       200   308.231
       201   308.231
       202    308.23
       203   308.164
       204   307.778
       205    307.63
       206    307.63
       207    307.63
       208    307.63
       209    307.63
       210    307.63
       211    307.63
       212   307.609
       213   305.645
       214   302.405
       215   302.405
       216   302.405
       217   302.405
       218   302.405
       219   302.405
       220   302.405
       221   302.405
       222   302.405
       223   302.405
       224   302.405
       225   302.405
       226   302.405
       227   302.405
       228   302.405
       229   302.405
       230   302.405
       231   302.405
       232   302.405
       233   302.395
       234   302.363
       235   302.355
       236   302.355
       237   302.355
       238   302.355
       239   302.355
       240   302.355
       241   302.355
       242   302.355
       243   302.355
       244   302.355
       245   302.355
       246   302.355
       247   302.355
       248   302.355
       249   302.352
       250   302.054
       251   301.684
       252   301.684
       253   301.684
       254   301.684
       255   301.684
       256   301.684
       257   301.684
       258   301.684
       259   301.684
       260   301.684
       261   301.684
       262   301.684
       263   301.684
       264   301.684
       265   301.684
       266   301.684
       267   301.684
       268   301.684
       269   301.684
       270   301.684
       271   301.684
       272   301.684
       273   301.684
       274   301.684
       275   301.684
       276   301.684
       277   301.684
       278   301.684
       279   301.684
       280   301.684
       281   301.684
       282   301.684
       283   301.684
       284   301.684
       285   301.684
       286   301.684
       287   301.684
       288   301.684
       289   301.684
       290   301.684
       291   301.684
       292   301.684
       293   301.684
       294   301.684
       295   301.684
       296   301.684
       297   301.684
       298   301.684
       299   301.684
       300   301.684
       301   301.684
       302   301.684
       303   301.684
       304   301.684
       305   301.684
       306   301.684
       307   301.684
       308   301.684
       309   301.684
       310   301.684
       311   301.684
       312   301.684
       313   301.684
       314   301.684
       315   301.684
       316   301.684
       317   301.684
       318   301.684
       319   301.684
       320   301.684
       321   301.684
       322   301.684
       323   301.684
       324   301.684
       325   301.684
       326   301.684
       327   301.684
       328   301.684
       329   301.684
       330   301.684
       331   301.684
       332   301.684
       333   301.684
       334   301.684
       335   301.684
       336   301.684
       337   301.684
       338   301.684
       339   301.684
       340   301.684
       341   301.684
       342   301.684
       343   301.684
       344   301.684
       345   301.684
       346   301.684
       347   301.684
       348   301.684
       349   301.684
       350   301.684
       351   301.684
       352   301.684
       353   301.684
       354   301.684
       355   301.684
       356   301.684
       357   301.684
       358   301.684
       359   301.684
       360   301.684
       361   301.684
       362   301.681
       363   301.367
       364   301.056
       365   301.056
       366   301.056
       367   301.056
       368   301.056
       369   301.056
       370   301.056
       371   301.056
       372   301.056
       373   301.056
       374   301.056
       375   301.056
       376   301.056
       377   301.056
       378   301.056
       379   301.056
       380   301.056
       381   301.056
       382   301.056
       383   301.056
       384   301.056
       385   301.056
       386   301.056
       387   301.056
       388   301.056
       389   301.056
       390   301.056
       391   301.056
       392   301.056
       393   301.056
       394   301.056
       395   301.056
       396   301.056
       397   301.056
       398   301.056
       399   301.056
       400   301.056
       401   301.056
       402   301.056
       403   301.056
       404   301.056
       405   301.056
       406   301.056
       407   301.056
       408   301.056
       409   301.056
       410   301.056
       411   301.056
       412   301.056
       413   301.056
       414   301.056
       415   301.056
       416   301.056
       417   301.056
       418   301.056
       419   301.056
       420   301.056
       421   301.056
       422   301.056
       423   301.056
       424   301.056
       425   301.056
       426   301.056
       427   301.056
       428   301.056
       429   301.056
       430   301.056
       431   301.056
       432   301.056
       433   301.056
       434   301.056
       435   301.056
       436   301.056
       437   301.056
       438   301.056
       439   301.056
       440   301.056
       441   301.056
       442   301.056
       443   301.056
       444   301.056
       445   301.056
       446   301.056
       447   301.056
       448   301.056
       449   301.056
       450   301.056
       451   301.056
       452   301.056
       453   301.056
       454   301.056
       455   301.056
       456   301.056
       457   301.056
       458   301.056
       459   301.056
       460   301.056
       461   301.056
       462   301.056
       463   301.056
       464   301.056
       465   301.056
       466   301.056
       467   301.056
       468   301.056
       469   301.056
       470   301.056
       471   301.056
       472   301.056
       473   301.056
       474   301.056
       475   301.056
       476   301.056
       477   301.056
       478   301.056
       479   301.056
       480   301.056
       481   301.056
       482   301.056
       483   301.056
       484   301.056
       485   301.056
       486   301.056
       487   301.056
       488   301.056
       489   301.056
       490   301.056
       491   301.056
       492   301.056
       493   301.056
       494   301.056
       495   301.056
       496   301.056
       497   301.056
       498   301.056
       499   301.056
       500   301.056
       501   301.056
       502   301.056
       503   301.056
       504   301.056
       505   301.056
       506   301.056
       507   301.056
       508   301.056
       509   301.056
       510   301.056
       511   301.056
       512   301.056
       513   301.056
       514   301.056
       515   301.056
       516   301.056
       517   301.056
       518   301.056
       519   301.056
       520   301.056
       521   301.056
       522   301.056
       523   301.056
       524   301.056
       525   301.056
       526   301.056
       527   301.056
       528   301.056
       529   301.056
       530   301.056
       531   301.056
       532   301.056
       533   301.056
       534   301.056
       535   301.056
       536   301.056
       537   301.056
       538   301.056
       539   301.056
       540   301.056
       541   301.056
       542   301.056
       543   301.056
       544   301.056
       545   301.056
       546   301.056
       547   301.056
       548   301.056
       549   301.056
       550   301.056
       551   301.056
       552   301.056
       553   301.056
       554   301.056
       555   301.056
       556   301.056
       557   301.056
       558   301.056
       559   301.056
       560   301.056
       561   301.056
       562   301.056
       563   301.056
       564   301.056
       565   301.056
       566   301.056
       567   301.056
       568   301.056
       569   301.056
       570   301.056
       571   301.056
       572   301.056
       573   301.056
       574   301.056
       575   301.056
       576   301.056
       577   301.056
       578   301.056
       579   301.056
       580   301.056
       581   301.056
       582   301.056
       583   301.056
       584   301.056
       585   301.056
       586   301.056
       587   301.056
       588   301.056
       589   301.056
       590   301.056
       591   301.056
       592   301.056
       593   301.052
       594   300.645
       595   297.006
       596   293.259
       597    292.86
       598    292.86
       599    292.86
       600    292.86
       601    292.86
       602    292.86
       603    292.86
       604    292.86
       605    292.86
       606    292.86
       607    292.86
       608    292.86
       609    292.86
       610    292.86
       611    292.86
       612    292.86
       613    292.86
       614    292.86
       615    292.86
       616    292.86
       617    292.86
       618    292.86
       619    292.86
       620   292.858
       621   292.621
       622   292.337
       623   292.337
       624   292.337
       625   292.337
       626   292.337
       627   292.337
       628   292.337
       629   292.337
       630   292.337
       631   292.337
       632   292.337
       633   292.337
       634   292.337
       635   292.336
       636   292.136
       637   291.964
       638   291.964
       639   291.964
       640   291.964
       641   291.964
       642   291.964
       643   291.964
       644   291.964
       645   291.964
       646   291.964
       647   291.958
       648   291.166
       649   290.497
       650   290.497
       651   290.497
       652   290.497
       653   290.497
       654   290.497
       655   290.497
       656   290.497
       657   290.497
       658   290.497
       659   290.497
       660   290.497
       661   290.497
       662   290.497
       663   290.497
       664   290.487
       665   289.182
       666   287.988
       667   287.988
       668   287.988
       669   287.988
       670   287.988
       671   287.988
       672   287.988
       673   287.988
       674   287.988
       675   287.988
       676   287.988
       677   287.988
       678   287.988
       679   287.988
       680   287.988
       681   287.988
       682   287.988
       683   287.988
       684   287.988
       685   287.988
       686   287.988
       687   287.984
       688    287.58
       689   287.131
       690   287.131
       691   287.131
       692   287.131
       693   287.131
       694   287.131
       695   287.131
       696   287.131
       697   287.131
       698   287.131
       699   287.131
       700   287.131
       701   287.131
       702   287.131
       703   287.131
       704   287.131
       705   287.131
       706   287.131
       707   287.131
       708   287.131
       709   287.131
       710   287.131
       711   287.131
       712   287.128
       713   286.739
       714   286.354
       715   286.354
       716   286.354
       717   286.354
       718   286.354
       719   286.354
       720   286.354
       721   286.354
       722   286.354
       723   286.354
       724   286.354
       725   286.354
       726   286.354
       727   286.354
       728   286.354
       729   286.354
       730   286.354
       731   286.354
       732   286.354
       733   286.354
       734   286.354
       735   286.354
       736   286.354
       737    286.35
       738   285.888
       739    285.51
       740    285.51
       741    285.51
       742    285.51
       743    285.51
       744    285.51
       745    285.51
       746    285.51
       747    285.51
       748    285.51
       749    285.51
       750    285.51
       751    285.51
       752    285.51
       753    285.51
       754    285.51
       755    285.51
       756    285.51
       757    285.51
       758    285.51
       759    285.51
       760    285.51
       761    285.51
       762    285.51
       763    285.51
       764    285.51
       765    285.51
       766    285.51
       767    285.51
       768    285.51
       769    285.51
       770    285.51
       771    285.51
       772    285.51
       773    285.51
       774    285.51
       775    285.51
       776    285.51
       777    285.51
       778    285.51
       779    285.51
       780    285.51
       781    285.51
       782    285.51
       783    285.51
       784    285.51
       785    285.51
       786    285.51
       787    285.51
       788    285.51
       789    285.51
       790    285.51
       791    285.51
       792    285.51
       793    285.51
       794    285.51
       795    285.51
       796    285.51
       797    285.51
       798    285.51
       799    285.51
       800    285.51
       801    285.51
       802    285.51
       803    285.51
       804    285.51
       805    285.51
       806    285.51
       807    285.51
       808    285.51
       809    285.51
       810    285.51
       811    285.51
       812    285.51
       813    285.51
       814   285.498
       815    284.07
       816   282.676
       817   282.676
       818   282.676
       819   282.676
       820   282.676
       821   282.676
       822   282.676
       823   282.676
       824   282.676
       825   282.676
       826   282.676
       827   282.676
       828   282.676
       829   282.676
       830   282.676
       831   282.676
       832   282.676
       833   282.676
       834   282.676
       835   282.676
       836   282.676
       837   282.676
       838   282.676
       839   282.676
       840   282.676
       841   282.676
       842   282.676
       843   282.676
       844   282.676
       845   282.676
       846   282.676
       847   282.676
       848   282.676
       849   282.676
       850   282.676
       851   282.676
       852   282.676
       853   282.676
       854   282.676
       855   282.676
       856   282.676
       857   282.676
       858   282.676
       859   282.676
       860   282.676
       861   282.676
       862   282.676
       863   282.676
       864   282.676
       865   282.676
       866   282.676
       867   282.676
       868   282.676
       869   282.676
       870   282.676
       871   282.676
       872   282.676
       873   282.676
       874   282.676
       875   282.676
       876   282.676
       877   282.676
       878   282.676
       879   282.676
       880   282.676
       881   282.676
       882   282.676
       883   282.676
       884   282.676
       885   282.676
       886   282.676
       887   282.676
       888   282.676
       889   282.676
       890   282.676
       891   282.676
       892   282.676
       893   282.676
       894   282.676
       895   282.676
       896   282.676
       897   282.676
       898   282.676
       899   282.676
       900   282.676
       901   282.676
       902   282.676
       903   282.676
       904   282.676
       905   282.676
       906   282.676
       907   282.676
       908   282.676
       909   282.676
       910   282.676
       911   282.676
       912   282.676
       913   282.676
       914   282.676
       915   282.676
       916   282.676
       917   282.676
       918   282.676
       919   282.676
       920   282.676
       921   282.676
       922   282.676
       923   282.676
       924   282.676
       925   282.676
       926   282.676
       927   282.676
       928   282.676
       929   282.676
       930   282.676
       931   282.676
       932   282.676
       933   282.676
       934   282.676
       935   282.676
       936   282.676
       937   282.676
       938   282.676
       939   282.676
       940   282.676
       941   282.676
       942   282.676
       943   282.676
       944   282.676
       945   282.676
       946   282.676
       947   282.676
       948   282.676
       949   282.676
       950   282.676
       951   282.676
       952   282.676
       953   282.676
       954   282.676
       955   282.676
       956   282.676
       957   282.676
       958   282.676
       959   282.676
       960   282.676
       961   282.676
       962   282.676
       963   282.676
       964   282.676
       965   282.676
       966   282.676
       967   282.676
       968   282.676
       969   282.676
       970   282.676
       971   282.676
       972   282.676
       973   282.676
       974   282.676
       975   282.676
       976   282.676
       977   282.676
       978   282.676
       979   282.676
       980   282.676
       981   282.676
       982   282.676
       983   282.676
       984   282.676
       985   282.676
       986   282.676
       987   282.676
       988   282.676
       989   282.676
       990   282.676
       991   282.676
       992   282.676
       993   282.676
       994   282.676
       995   282.676
       996   282.676
       997   282.676
       998   282.676
       999   282.676
      1000   282.676
      1001   282.676
      1002   282.676
      1003   282.676
      1004   282.676
      1005   282.676
      1006   282.676
      1007   282.676
      1008   282.676
      1009   282.676
      1010   282.676
      1011   282.676
      1012   282.676
      1013   282.666
      1014   281.411
      1015   280.105
      1016   280.105
      1017   280.105
      1018   280.105
      1019   280.105
      1020   280.105
      1021   280.105
      1022   280.105
      1023   280.105
      1024   280.105
      1025   280.105
      1026   280.105
      1027   280.105
      1028   280.105
      1029   280.105
      1030   280.105
      1031   280.105
      1032   280.105
      1033   280.105
      1034   280.105
      1035   280.105
      1036   280.105
      1037   280.105
      1038   280.105
      1039   280.105
      1040   280.105
      1041   280.105
      1042   280.105
      1043   280.105
      1044   280.105
      1045   280.105
      1046   280.105
      1047   280.105
      1048   280.105
      1049   280.105
      1050   280.105
      1051   280.105
      1052   280.105
      1053   280.105
      1054   280.105
      1055   280.105
      1056   280.105
      1057   280.105
      1058   280.105
      1059   280.105
      1060   280.105
      1061   280.105
      1062   280.105
      1063   280.105
      1064   280.105
      1065   280.105
      1066   280.105
      1067   280.105
      1068   280.105
      1069   280.105
      1070   280.105
      1071   280.105
      1072   280.105
      1073   280.105
      1074   280.105
      1075   280.105
      1076   280.105
      1077   280.105
      1078   280.105
      1079   280.105
      1080   280.105
      1081   280.105
      1082   280.105
      1083   280.105
      1084   280.105
      1085   280.099
      1086     279.4
      1087   278.732
      1088   278.134
      1089    277.73
      1090    277.73
      1091    277.73
      1092    277.73
      1093    277.73
      1094    277.73
      1095    277.73
      1096    277.73
      1097    277.73
      1098    277.73
      1099    277.73
      1100    277.73
      1101    277.73
      1102    277.73
      1103    277.73
      1104    277.73
      1105    277.73
      1106    277.73
      1107    277.73
      1108    277.73
      1109    277.73
      1110    277.73
      1111    277.73
      1112    277.73
      1113    277.73
      1114    277.73
      1115    277.73
      1116    277.73
      1117    277.73
      1118    277.73
      1119    277.73
      1120    277.73
      1121    277.73
      1122    277.73
      1123    277.73
      1124    277.73
      1125    277.73
      1126    277.73
      1127    277.73
      1128    277.73
      1129    277.73
      1130    277.73
      1131    277.73
      1132    277.73
      1133    277.73
      1134    277.73
      1135    277.73
      1136    277.73
      1137    277.73
      1138    277.73
      1139    277.73
      1140    277.73
      1141    277.73
      1142    277.73
      1143    277.73
      1144    277.73
      1145    277.73
      1146    277.73
      1147    277.73
      1148    277.73
      1149    277.73
      1150    277.73
      1151    277.73
      1152    277.73
      1153    277.73
      1154    277.73
      1155    277.73
      1156    277.73
      1157    277.73
      1158    277.73
      1159    277.73
      1160    277.73
      1161    277.73
      1162    277.73
      1163    277.73
      1164    277.73
      1165    277.73
      1166    277.73
      1167    277.73
      1168    277.73
      1169    277.73
      1170    277.73
      1171    277.73
      1172    277.73
      1173    277.73
      1174    277.73
      1175    277.73
      1176    277.73
      1177    277.73
      1178    277.73
      1179    277.73
      1180    277.73
      1181    277.73
      1182    277.73
      1183    277.73
      1184    277.73
      1185    277.73
      1186    277.73
      1187    277.73
      1188    277.73
      1189    277.73
      1190    277.73
      1191    277.73
      1192    277.73
      1193    277.73
      1194    277.73
      1195    277.73
      1196    277.73
      1197    277.73
      1198    277.73
      1199    277.73
      1200    277.73
      1201    277.73
      1202    277.73
      1203    277.73
      1204    277.73
      1205    277.73
      1206    277.73
      1207    277.73
      1208    277.73
      1209    277.73
      1210    277.73
      1211    277.73
      1212    277.73
      1213    277.73
      1214    277.73
      1215    277.73
      1216    277.73
      1217    277.73
      1218    277.73
      1219    277.73
      1220    277.73
      1221    277.73
      1222    277.73
      1223    277.73
      1224    277.73
      1225    277.73
      1226    277.73
      1227    277.73
      1228    277.73
      1229    277.73
      1230    277.73
      1231    277.73
      1232    277.73
      1233    277.73
      1234    277.73
      1235    277.73
      1236    277.73
      1237    277.73
      1238    277.73
      1239    277.73
      1240    277.73
      1241    277.73
      1242    277.73
      1243    277.73
      1244    277.73
      1245    277.73
      1246    277.73
      1247    277.73
      1248    277.73
      1249    277.73
      1250    277.73
      1251    277.73
      1252    277.73
      1253    277.73
      1254    277.73
      1255    277.73
      1256    277.73
      1257    277.73
      1258    277.73
      1259    277.73
      1260    277.73
      1261    277.73
      1262    277.73
      1263    277.73
      1264    277.73
      1265   277.728
      1266   277.508
      1267   277.274
      1268   277.274
      1269   277.274
      1270   277.274
      1271   277.274
      1272   277.274
      1273   277.274
      1274   277.274
      1275   277.274
      1276   277.274
      1277   277.274
      1278   277.274
      1279   277.274
      1280   277.274
      1281   277.274
      1282   277.274
      1283   277.274
      1284   277.274
      1285   277.274
      1286   277.274
      1287   277.274
      1288   277.274
      1289   277.274
      1290   277.274
      1291   277.274
      1292   277.274
      1293   277.274
      1294   277.274
      1295   277.274
      1296   277.274
      1297   277.274
      1298   277.274
      1299   277.274
      1300   277.274
      1301   277.274
      1302   277.274
      1303   277.274
      1304   277.274
      1305   277.274
      1306   277.274
      1307   277.274
      1308   277.274
      1309   277.274
      1310   277.274
      1311   277.274
      1312   277.274
      1313   277.274
      1314   277.274
      1315   277.274
      1316   277.274
      1317   277.274
      1318   277.274
      1319   277.274
      1320   277.274
      1321   277.274
      1322   277.274
      1323   277.274
      1324   277.274
      1325   277.274
      1326   277.274
      1327   277.274
      1328   277.274
      1329   277.274
      1330   277.274
      1331   277.274
      1332   277.268
      1333   276.832
      1334   275.802
      1335   275.802
      1336   275.802
      1337   275.802
      1338   275.802
      1339   275.802
      1340   275.802
      1341   275.802
      1342   275.802
      1343   275.802
      1344   275.802
      1345   275.802
      1346   275.802
      1347   275.802
      1348   275.802
      1349   275.802
      1350   275.802
      1351   275.802
      1352   275.802
      1353   275.802
      1354   275.802
      1355   275.802
      1356   275.802
      1357   275.801
      1358   275.714
      1359   275.636
      1360   275.636
      1361   275.635
      1362   275.584
      1363   275.503
      1364   275.503
      1365   275.503
      1366   275.503
      1367   275.503
      1368   275.503
      1369   275.503
      1370   275.503
      1371   275.503
      1372   275.503
      1373   275.503
      1374   275.503
      1375   275.503
      1376   275.503
      1377   275.503
      1378   275.503
      1379   275.503
      1380   275.503
      1381   275.503
      1382   275.503
      1383   275.503
      1384   275.503
      1385   275.503
      1386   275.503
      1387   275.503
      1388   275.503
      1389   275.503
      1390   275.503
      1391   275.503
      1392   275.503
      1393   275.503
      1394   275.503
      1395   275.503
      1396   275.503
      1397   275.503
      1398   275.503
      1399   275.503
      1400   275.503
      1401   275.503
      1402   275.503
      1403   275.503
      1404   275.503
      1405   275.503
      1406   275.503
      1407   275.503
      1408   275.503
      1409   275.503
      1410   275.503
      1411   275.503
      1412   275.503
      1413   275.503
      1414   275.503
      1415   275.503
      1416   275.503
      1417   275.503
      1418   275.503
      1419   275.503
      1420   275.503
      1421   275.503
      1422   275.503
      1423   275.503
      1424   275.503
      1425   275.503
      1426   275.503
      1427   275.503
      1428   275.503
      1429   275.503
      1430   275.503
      1431   275.503
      1432   275.503
      1433   275.503
      1434   275.503
      1435   275.503
      1436   275.503
      1437   275.503
      1438   275.503
      1439   275.503
      1440   275.503
      1441   275.503
      1442   275.503
      1443   275.503
      1444   275.503
      1445   275.503
      1446   275.503
      1447   275.503
      1448   275.503
      1449   275.503
      1450   275.503
      1451   275.503
      1452   275.503
      1453   275.503
      1454   275.503
      1455   275.503
      1456   275.503
      1457   275.503
      1458   275.503
      1459   275.503
      1460   275.503
      1461   275.503
      1462   275.503
      1463   275.503
      1464   275.503
      1465   275.503
      1466   275.503
      1467   275.503
      1468   275.503
      1469   275.503
      1470   275.503
      1471   275.503
      1472   275.503
      1473   275.503
      1474   275.503
      1475   275.503
      1476   275.503
      1477   275.503
      1478   275.503
      1479   275.503
      1480   275.503
      1481   275.503
      1482   275.503
      1483   275.503
      1484   275.503
      1485   275.503
      1486   275.503
      1487   275.503
      1488   275.503
      1489   275.503
      1490   275.503
      1491   275.503
      1492   275.503
      1493   275.503
      1494   275.503
      1495   275.503
      1496   275.503
      1497   275.503
      1498   275.503
      1499   275.503
      1500   275.503
      1501   275.503
      1502   275.503
      1503   275.503
      1504   275.503
      1505   275.503
      1506   275.503
      1507   275.503
      1508   275.503
      1509   275.503
      1510   275.503
      1511   275.503
      1512   275.503
      1513   275.503
      1514   275.503
      1515   275.503
      1516   275.503
      1517   275.503
      1518   275.503
      1519   275.503
      1520   275.503
      1521   275.503
      1522   275.503
      1523   275.503
      1524   275.503
      1525   275.503
      1526   275.503
      1527   275.503
      1528   275.503
      1529   275.503
      1530   275.503
      1531   275.503
      1532   275.503
      1533   275.503
      1534   275.503
      1535   275.503
      1536   275.503
      1537   275.503
      1538   275.503
      1539   275.503
      1540   275.503
      1541   275.503
      1542   275.503
      1543   275.503
      1544   275.503
      1545   275.503
      1546   275.503
      1547   275.503
      1548   275.503
      1549   275.503
      1550   275.503
      1551   275.503
      1552   275.503
      1553   275.503
      1554   275.503
      1555   275.503
      1556   275.503
      1557   275.503
      1558   275.503
      1559   275.503
      1560   275.503
      1561   275.503
      1562   275.503
      1563   275.503
      1564   275.503
      1565   275.503
      1566   275.503
      1567   275.503
      1568   275.503
      1569   275.503
      1570   275.503
      1571   275.503
      1572   275.503
      1573   275.503
      1574   275.503
      1575   275.503
      1576   275.503
      1577   275.503
      1578   275.503
      1579   275.503
      1580   275.503
      1581   275.503
      1582   275.503
      1583   275.503
      1584   275.503
      1585   275.503
      1586   275.503
      1587   275.503
      1588   275.503
      1589   275.503
      1590   275.503
      1591   275.503
      1592   275.503
      1593   275.503
      1594   275.503
      1595   275.503
      1596   275.503
      1597   275.503
      1598   275.503
      1599   275.503
      1600   275.503
      1601   275.503
      1602   275.503
      1603   275.503
      1604   275.503
      1605   275.503
      1606   275.503
      1607   275.503
      1608   275.503
      1609   275.503
      1610   275.503
      1611   275.503
      1612   275.503
      1613   275.503
      1614   275.503
      1615   275.503
      1616   275.503
      1617   275.503
      1618   275.503
      1619   275.503
      1620   275.503
      1621   275.503
      1622   275.503
      1623   275.503
      1624   275.503
      1625   275.503
      1626   275.503
      1627   275.503
      1628   275.503
      1629   275.503
      1630   275.503
      1631   275.503
      1632   275.503
      1633   275.503
      1634   275.503
      1635   275.503
      1636   275.503
      1637   275.503
      1638   275.503
      1639   275.503
      1640   275.503
      1641   275.503
      1642   275.503
      1643   275.503
      1644   275.503
      1645   275.503
      1646   275.503
      1647   275.503
      1648   275.503
      1649   275.503
      1650   275.503
      1651   275.503
      1652   275.503
      1653   275.503
      1654   275.503
      1655   275.503
      1656   275.503
      1657   275.503
      1658   275.503
      1659   275.503
      1660   275.503
      1661   275.503
      1662   275.503
      1663   275.503
      1664   275.503
      1665   275.503
      1666   275.503
      1667   275.503
      1668   275.503
      1669   275.503
      1670   275.503
      1671   275.503
      1672   275.503
      1673   275.503
      1674   275.503
      1675   275.503
      1676   275.503
      1677   275.503
      1678   275.503
      1679   275.503
      1680   275.503
      1681   275.503
      1682   275.503
      1683   275.503
      1684   275.503
      1685   275.503
      1686   275.503
      1687   275.503
      1688   275.503
      1689   275.503
      1690   275.503
      1691   275.503
      1692   275.503
      1693   275.503
      1694   275.503
      1695   275.503
      1696   275.503
      1697   275.503
      1698   275.503
      1699   275.503
      1700   275.503
      1701   275.503
      1702   275.503
      1703   275.503
      1704   275.503
      1705   275.503
      1706   275.503
      1707   275.503
      1708   275.503
      1709   275.503
      1710   275.503
      1711   275.503
      1712   275.503
      1713   275.503
      1714   275.503
      1715   275.503
      1716   275.503
      1717   275.503
      1718   275.503
      1719   275.503
      1720   275.503
      1721   275.503
      1722   275.503
      1723   275.503
      1724   275.503
      1725   275.503
      1726   275.503
      1727   275.503
      1728   275.503
      1729   275.503
      1730   275.503
      1731   275.503
      1732   275.503
      1733   275.503
      1734   275.503
      1735   275.503
      1736   275.503
      1737   275.503
      1738   275.503
      1739   275.503
      1740   275.503
      1741   275.503
      1742   275.503
      1743   275.503
      1744   275.503
      1745   275.503
      1746   275.503
      1747   275.503
      1748   275.503
      1749   275.503
      1750   275.503
      1751   275.503
      1752   275.503
      1753   275.503
      1754   275.503
      1755   275.503
      1756   275.503
      1757   275.503
      1758   275.503
      1759   275.503
      1760   275.503
      1761   275.503
      1762   275.503
      1763   275.503
      1764   275.503
      1765   275.503
      1766   275.503
      1767   275.503
      1768   275.503
      1769   275.503
      1770   275.503
      1771   275.503
      1772   275.503
      1773   275.503
      1774   275.503
      1775   275.503
      1776   275.503
      1777   275.503
      1778   275.503
      1779   275.503
      1780   275.503
      1781   275.503
      1782   275.503
      1783   275.503
      1784   275.503
      1785   275.503
      1786   275.503
      1787   275.503
      1788   275.503
      1789   275.503
      1790   275.503
      1791   275.503
      1792   275.503
      1793   275.503
      1794   275.503
      1795   275.503
      1796   275.503
      1797   275.503
      1798   275.503
      1799   275.503
      1800   275.503
      1801   275.503
      1802   275.503
      1803   275.503
      1804   275.503
      1805   275.503
      1806   275.503
      1807   275.503
      1808   275.503
      1809   275.503
      1810   275.503
      1811   275.503
      1812   275.503
      1813   275.503
      1814   275.503
      1815   275.503
      1816   275.503
      1817   275.503
      1818   275.503
      1819   275.503
      1820   275.503
      1821   275.503
      1822   275.503
      1823   275.503
      1824   275.503
      1825   275.503
      1826   275.503
      1827   275.503
      1828   275.503
      1829   275.503
      1830   275.503
      1831   275.503
      1832   275.503
      1833   275.503
      1834   275.503
      1835   275.503
      1836   275.503
      1837   275.503
      1838   275.503
      1839   275.503
      1840   275.503
      1841   275.503
      1842   275.503
      1843   275.503
      1844   275.503
      1845   275.503
      1846   275.503
      1847   275.503
      1848   275.503
      1849   275.503
      1850   275.503
      1851   275.503
      1852   275.503
      1853   275.503
      1854   275.503
      1855   275.503
      1856   275.503
      1857   275.503
      1858   275.503
      1859   275.503
      1860   275.503
      1861   275.503
      1862   275.503
      1863   275.503
      1864   275.503
      1865   275.503
      1866   275.503
      1867   275.503
      1868   275.503
      1869   275.503
      1870   275.503
      1871   275.503
      1872   275.503
      1873   275.503
      1874   275.503
      1875   275.503
      1876   275.503
      1877   275.503
      1878   275.503
      1879   275.503
      1880   275.503
      1881   275.503
      1882   275.503
      1883   275.503
      1884   275.503
      1885   275.503
      1886   275.503
      1887   275.503
      1888   275.503
      1889   275.503
      1890   275.503
      1891   275.503
      1892   275.503
      1893   275.503
      1894   275.503
      1895   275.503
      1896   275.503
      1897   275.503
      1898   275.503
      1899   275.503
      1900   275.503
      1901   275.503
      1902   275.503
      1903   275.503
      1904   275.503
      1905   275.503
      1906   275.503
      1907   275.503
      1908   275.503
      1909   275.503
      1910   275.503
      1911   275.503
      1912   275.503
      1913   275.503
      1914   275.503
      1915   275.503
      1916   275.503
      1917   275.503
      1918   275.503
      1919   275.503
      1920   275.503
      1921   275.503
      1922   275.503
      1923   275.503
      1924   275.503
      1925   275.503
      1926   275.503
      1927   275.503
      1928   275.503
      1929   275.503
      1930   275.503
      1931   275.503
      1932   275.503
      1933   275.503
      1934   275.503
      1935   275.503
      1936   275.503
      1937   275.503
      1938   275.503
      1939   275.503
      1940   275.503
      1941   275.503
      1942   275.503
      1943   275.503
      1944   275.503
      1945   275.503
      1946   275.503
      1947   275.503
      1948   275.503
      1949   275.503
      1950   275.503
      1951   275.503
      1952   275.503
      1953   275.503
      1954   275.503
      1955   275.503
      1956   275.503
      1957   275.503
      1958   275.503
      1959   275.503
      1960   275.503
      1961   275.503
      1962   275.503
      1963   275.503
      1964   275.503
      1965   275.503
      1966   275.503
      1967   275.503
      1968   275.503
      1969   275.503
      1970   275.503
      1971   275.503
      1972   275.503
      1973   275.503
      1974   275.503
      1975   275.503
      1976   275.503
      1977   275.503
      1978   275.503
      1979   275.503
      1980   275.503
      1981   275.503
      1982   275.503
      1983   275.503
      1984   275.503
      1985   275.503
      1986   275.503
      1987   275.503
      1988   275.503
      1989   275.503
      1990   275.503
      1991   275.503
      1992   275.503
      1993   275.503
      1994   275.503
      1995   275.503
      1996   275.503
      1997   275.503
      1998   275.503
      1999   275.503
