         0   897.259
         1   782.377
         2   705.582
         3   651.592
         4   611.126
         5   590.367
         6   580.383
         7   570.559
         8   561.627
         9   553.291
        10   547.607
        11   542.753
        12   524.783
        13   493.414
        14   483.444
        15   464.427
        16   449.868
        17   446.259
        18   443.471
        19   439.832
        20   439.297
        21   433.187
        22   426.602
        23   426.602
        24   426.598
        25   425.995
        26   422.757
        27   417.363
        28    407.37
        29   405.951
        30   404.367
        31   400.691
        32   396.422
        33   393.368
        34   392.663
        35   392.573
        36   392.551
        37   390.486
        38   384.156
        39   383.184
        40   383.176
        41   382.354
        42   376.948
        43   371.086
        44   370.659
        45   369.494
        46   368.834
        47   368.834
        48   368.832
        49   368.571
        50   368.246
        51   368.157
        52   368.157
        53   368.157
        54   368.146
        55   366.914
        56   365.318
        57   365.318
        58   365.303
        59    364.15
        60   361.622
        61   361.622
        62    361.59
        63   361.356
        64    361.16
        65    361.16
        66   361.149
        67   359.887
        68   358.231
        69   357.455
        70   355.575
        71   355.504
        72   355.504
        73   355.497
        74   355.043
        75   352.086
        76    350.62
        77    350.11
        78   347.838
        79    347.42
        80   347.416
        81   346.626
        82   342.248
        83   340.871
        84   340.871
        85   340.867
        86   340.387
        87     338.8
        88   336.683
        89   336.675
        90   335.683
        91   334.551
        92   334.529
        93   334.506
        94   334.506
        95   334.506
        96   334.504
        97   334.259
        98   333.574
        99   333.404
       100   333.404
       101   333.404
       102   333.404
       103   333.404
       104   333.401
       105   333.076
       106   332.697
       107   332.697
       108   332.693
       109   332.208
       110   330.756
       111   325.338
       112    321.61
       113    321.61
       114    321.61
       115    321.61
       116    321.61
       117    321.61
       118    321.61
       119   321.607
       120    321.24
       121   320.888
       122   320.888
       123   320.888
       124   320.887
       125   320.845
       126   320.805
       127   320.805
       128   320.805
       129   320.805
       130   320.805
       131   320.805
       132   320.805
       133   320.805
       134   320.805
       135   320.804
       136   320.579
       137   317.631
       138   315.716
       139   315.716
       140   315.716
       141   315.716
       142   315.704
       143   314.283
       144   312.656
       145   312.656
       146   312.656
       147   312.656
       148   312.656
       149   312.656
       150   312.656
       151   312.656
       152   312.656
       153   312.631
       154   312.413
       155   312.295
       156   312.295
       157   312.295
       158   312.295
       159   312.295
       160   312.295
       161   312.295
       162   312.295
       163   312.295
       164   312.295
       165   312.291
       166   311.802
       167   311.285
       168   311.285
       169   311.285
       170   311.285
       171   311.285
       172   311.285
       173   311.285
       174   311.285
       175   311.285
       176   311.285
       177   311.285
       178   311.285
       179   311.285
       180   311.285
       181   311.285
       182   311.285
       183   311.285
       184   311.285
       185   311.285
       186   311.285
       187   311.285
       188   311.285
       189   311.285
       190   311.285
       191   311.285
       192   311.285
       193   311.285
       194   311.285
       195   311.285
       196   311.285
       197   311.285
       198   311.285
       199   311.285
       200   311.285
       201   311.285
       202   311.285
       203   311.285
       204   311.285
       205   311.285
       206   311.285
       207   311.285
       208   311.285
       209   311.285
       210   311.285
       211   311.285
       212   311.285
       213   311.274
       214   309.907
       215   308.389
       216   308.389
       217   308.389
       218   308.389
       219   308.378
       220   307.328
       221   304.441
       222     303.6
       223     303.6
       224     303.6
       225     303.6
       226     303.6
       227     303.6
       228     303.6
       229     303.6
       230     303.6
       231     303.6
       232     303.6
       233     303.6
       234     303.6
       235     303.6
       236     303.6
       237     303.6
       238     303.6
       239   303.599
       240   303.444
       241    303.31
       242    303.31
       243    303.31
       244    303.31
       245    303.31
       246    303.31
       247    303.31
       248    303.31
       249    303.31
       250    303.31
       251    303.31
       252    303.31
       253    303.31
       254    303.31
       255    303.31
       256    303.31
       257    303.31
       258    303.31
       259    303.31
       260    303.31
       261    303.31
       262    303.31
       263    303.31
       264    303.31
       265    303.31
       266    303.31
       267    303.31
       268    303.31
       269    303.31
       270    303.31
       271    303.31
       272    303.31
       273    303.31
       274    303.31
       275    303.31
       276    303.31
       277    303.31
       278    303.31
       279    303.31
       280    303.31
       281    303.31
       282    303.31
       283    303.31
       284    303.31
       285   303.301
       286    302.08
       287   301.048
       288   301.048
       289   301.048
       290   301.048
       291   301.048
       292   301.048
       293   301.048
       294   301.048
       295   301.048
       296   301.048
       297   301.048
       298   301.048
       299   301.048
       300   301.048
       301   301.048
       302   301.043
       303   300.416
       304   299.741
       305   299.741
       306   299.741
       307   299.741
       308   299.741
       309   299.741
       310   299.741
       311   299.741
       312   299.741
       313   299.741
       314   299.741
       315   299.741
       316   299.741
       317   299.741
       318   299.741
       319   299.741
       320   299.741
       321   299.741
       322   299.741
       323   299.741
       324   299.741
       325   299.741
       326   299.741
       327   299.741
       328   299.741
       329   299.741
       330   299.741
       331   299.741
       332   299.741
       333   299.741
       334   299.741
       335   299.741
       336   299.741
       337   299.741
       338   299.741
       339   299.741
       340   299.741
       341   299.741
       342   299.741
       343   299.741
       344   299.741
       345   299.741
       346   299.741
       347   299.741
       348   299.741
       349   299.741
       350   299.741
       351   299.741
       352   299.741
       353   299.735
       354   299.027
       355   298.227
       356   298.227
       357   298.227
       358   298.227
       359   298.227
       360   298.227
       361   298.227
       362   298.224
       363    297.78
       364   297.346
       365   297.256
       366   297.151
       367   297.151
       368   297.151
       369   297.151
       370   297.151
       371   297.151
       372   297.151
       373   297.151
       374   297.151
       375   297.151
       376   297.151
       377   297.151
       378   297.151
       379   297.151
       380   297.151
       381   297.151
       382   297.151
       383   297.151
       384   297.151
       385   297.151
       386   297.137
       387   295.524
       388   293.734
       389   293.734
       390   293.734
       391   293.734
       392   293.734
       393   293.734
       394   293.734
       395   293.734
       396   293.734
       397   293.734
       398   293.734
       399   293.734
       400   293.734
       401   293.734
       402   293.734
       403   293.734
       404   293.734
       405   293.734
       406   293.734
       407   293.734
       408   293.734
       409   293.734
       410   293.734
       411   293.734
       412   293.734
       413   293.734
       414   293.734
       415   293.734
       416   293.734
       417   293.734
       418   293.734
       419   293.734
       420   293.734
       421   293.734
       422   293.734
       423   293.734
       424   293.734
       425   293.734
       426   293.734
       427   293.734
       428   293.734
       429   293.734
       430   293.734
       431   293.734
       432   293.734
       433   293.734
       434   293.734
       435   293.734
       436   293.734
       437   293.734
       438   293.734
       439   293.734
       440   293.734
       441   293.734
       442   293.734
       443   293.734
       444   293.734
       445   293.734
       446   293.734
       447   293.734
       448   293.734
       449   293.734
       450   293.734
       451   293.734
       452   293.734
       453   293.734
       454   293.734
       455   293.734
       456   293.734
       457   293.734
       458   293.734
       459   293.734
       460   293.734
       461   293.734
       462   293.734
       463   293.734
       464   293.734
       465   293.734
       466   293.734
       467   293.734
       468   293.734
       469   293.734
       470   293.734
       471   293.734
       472   293.734
       473   293.734
       474   293.734
       475   293.734
       476   293.734
       477   293.734
       478   293.734
       479   293.734
       480   293.734
       481   293.734
       482   293.734
       483   293.734
       484   293.734
       485   293.734
       486   293.734
       487   293.734
       488   293.734
       489   293.734
       490   293.734
       491   293.734
       492   293.734
       493   293.734
       494   293.734
       495   293.734
       496   293.734
       497   293.734
       498   293.734
       499   293.734
       500   293.734
       501   293.734
       502   293.734
       503   293.734
       504   293.734
       505   293.734
       506   293.734
       507   293.734
       508   293.734
       509   293.734
       510   293.734
       511   293.734
       512   293.734
       513   293.734
       514   293.734
       515   293.734
       516   293.734
       517   293.734
       518   293.734
       519   293.734
       520   293.734
       521   293.734
       522   293.734
       523   293.734
       524   293.734
       525   293.734
       526   293.734
       527   293.734
       528   293.734
       529   293.734
       530   293.734
       531   293.734
       532   293.734
       533   293.734
       534   293.734
       535   293.734
       536   293.734
       537   293.734
       538   293.734
       539   293.734
       540   293.734
       541   293.734
       542   293.734
       543   293.734
       544   293.734
       545   293.734
       546   293.734
       547   293.734
       548   293.734
       549   293.734
       550   293.734
       551   293.734
       552   293.734
       553   293.734
       554   293.734
       555   293.734
       556   293.734
       557   293.734
       558   293.734
       559   293.734
       560   293.734
       561   293.734
       562   293.734
       563   293.734
       564   293.734
       565   293.734
       566   293.734
       567   293.734
       568   293.734
       569   293.734
       570   293.734
       571   293.734
       572   293.734
       573   293.734
       574   293.734
       575   293.734
       576   293.734
       577   293.734
       578   293.734
       579   293.734
       580   293.734
       581   293.734
       582   293.734
       583   293.734
       584   293.734
       585   293.734
       586   293.734
       587   293.734
       588   293.734
       589   293.734
       590   293.734
       591   293.734
       592   293.734
       593   293.734
       594   293.734
       595   293.734
       596   293.734
       597   293.734
       598   293.734
       599   293.734
       600   293.734
       601   293.734
       602   293.734
       603   293.734
       604   293.734
       605   293.734
       606   293.734
       607   293.734
       608   293.734
       609   293.734
       610   293.734
       611   293.734
       612   293.734
       613   293.734
       614   293.734
       615   293.734
       616   293.734
       617   293.734
       618   293.734
       619   293.734
       620   293.734
       621   293.734
       622   293.734
       623   293.734
       624   293.734
       625   293.734
       626   293.734
       627   293.734
       628   293.734
       629   293.734
       630   293.734
       631   293.734
       632   293.734
       633   293.734
       634   293.734
       635   293.734
       636   293.734
       637   293.734
       638   293.734
       639   293.734
       640   293.734
       641   293.734
       642   293.734
       643   293.734
       644   293.734
       645   293.734
       646   293.734
       647   293.734
       648   293.734
       649   293.734
       650   293.734
       651   293.734
       652   293.734
       653   293.734
       654   293.734
       655   293.734
       656   293.734
       657   293.734
       658   293.734
       659   293.734
       660   293.734
       661   293.734
       662   293.734
       663   293.734
       664   293.734
       665   293.734
       666   293.734
       667   293.734
       668   293.734
       669   293.734
       670   293.734
       671   293.734
       672   293.734
       673   293.734
       674   293.734
       675   293.734
       676   293.734
       677   293.734
       678   293.734
       679   293.734
       680   293.734
       681   293.734
       682   293.734
       683   293.734
       684   293.734
       685   293.734
       686   293.734
       687   293.734
       688   293.734
       689   293.734
       690   293.734
       691   293.734
       692   293.734
       693   293.734
       694   293.734
       695   293.734
       696   293.734
       697   293.734
       698   293.734
       699   293.734
       700   293.734
       701   293.734
       702   293.734
       703   293.734
       704   293.734
       705   293.734
       706   293.734
       707   293.734
       708   293.734
       709   293.734
       710   293.734
       711   293.734
       712   293.734
       713   293.734
       714   293.734
       715   293.734
       716   293.734
       717   293.734
       718   293.734
       719   293.734
       720   293.734
       721   293.734
       722   293.734
       723   293.734
       724   293.734
       725   293.734
       726   293.734
       727   293.734
       728   293.734
       729   293.734
       730   293.734
       731   293.734
       732   293.734
       733   293.734
       734   293.734
       735   293.734
       736   293.734
       737   293.734
       738   293.734
       739   293.734
       740   293.734
       741   293.734
       742   293.734
       743   293.734
       744   293.734
       745   293.734
       746   293.734
       747   293.734
       748   293.734
       749   293.734
       750   293.734
       751   293.734
       752   293.734
       753   293.734
       754   293.734
       755   293.734
       756   293.734
       757   293.734
       758   293.734
       759   293.734
       760   293.734
       761   293.734
       762   293.734
       763   293.734
       764   293.734
       765   293.734
       766   293.734
       767   293.734
       768   293.734
       769   293.734
       770   293.734
       771   293.734
       772   293.734
       773   293.734
       774   293.734
       775   293.734
       776   293.734
       777   293.734
       778   293.734
       779   293.734
       780   293.734
       781   293.734
       782   293.734
       783   293.734
       784   293.734
       785   293.734
       786   293.734
       787   293.734
       788   293.734
       789   293.734
       790   293.734
       791   293.734
       792   293.734
       793   293.734
       794   293.734
       795   293.734
       796   293.734
       797   293.734
       798   293.734
       799   293.734
       800   293.734
       801   293.734
       802   293.734
       803   293.734
       804   293.734
       805   293.734
       806   293.734
       807   293.734
       808   293.734
       809   293.734
       810   293.734
       811   293.734
       812   293.734
       813   293.734
       814   293.734
       815   293.734
       816   293.734
       817   293.734
       818   293.734
       819   293.734
       820   293.734
       821   293.734
       822   293.734
       823   293.734
       824   293.734
       825   293.734
       826   293.734
       827   293.734
       828   293.734
       829   293.734
       830   293.734
       831   293.734
       832   293.734
       833   293.734
       834   293.734
       835   293.734
       836   293.734
       837   293.734
       838   293.734
       839   293.734
       840   293.734
       841   293.734
       842   293.734
       843   293.734
       844   293.734
       845   293.734
       846   293.734
       847   293.734
       848   293.734
       849   293.734
       850   293.734
       851   293.734
       852   293.734
       853   293.734
       854   293.734
       855   293.734
       856   293.734
       857   293.734
       858   293.734
       859   293.734
       860   293.734
       861   293.734
       862   293.734
       863   293.734
       864   293.734
       865   293.734
       866   293.734
       867   293.734
       868   293.734
       869   293.734
       870   293.734
       871   293.734
       872   293.734
       873   293.734
       874   293.734
       875   293.734
       876   293.734
       877   293.734
       878   293.734
       879   293.734
       880   293.734
       881   293.734
       882   293.734
       883   293.734
       884   293.734
       885   293.734
       886   293.734
       887   293.734
       888   293.734
       889   293.734
       890   293.734
       891   293.734
       892   293.734
       893   293.734
       894   293.734
       895   293.734
       896   293.734
       897   293.734
       898   293.734
       899   293.734
       900   293.734
       901   293.734
       902   293.734
       903   293.734
       904   293.734
       905   293.734
       906   293.734
       907   293.734
       908   293.734
       909   293.734
       910   293.734
       911   293.734
       912   293.734
       913   293.734
       914   293.734
       915   293.734
       916   293.734
       917   293.734
       918   293.734
       919   293.734
       920   293.734
       921   293.734
       922   293.734
       923   293.734
       924   293.734
       925   293.734
       926   293.734
       927   293.734
       928   293.734
       929   293.734
       930   293.734
       931   293.734
       932   293.734
       933   293.734
       934   293.734
       935   293.734
       936   293.734
       937   293.734
       938   293.734
       939   293.734
       940   293.734
       941   293.734
       942   293.734
       943   293.734
       944   293.734
       945   293.734
       946   293.734
       947   293.734
       948   293.734
       949   293.734
       950   293.734
       951   293.734
       952   293.734
       953   293.734
       954   293.734
       955   293.734
       956   293.734
       957   293.734
       958   293.734
       959   293.734
       960   293.734
       961   293.734
       962   293.734
       963   293.734
       964   293.734
       965   293.734
       966   293.734
       967   293.734
       968   293.734
       969   293.734
       970   293.734
       971   293.734
       972   293.734
       973   293.734
       974   293.734
       975   293.734
       976   293.734
       977   293.734
       978   293.734
       979   293.734
       980   293.734
       981   293.734
       982   293.734
       983   293.734
       984   293.734
       985   293.734
       986   293.734
       987   293.734
       988   293.734
       989   293.734
       990   293.734
       991   293.734
       992   293.734
       993   293.734
       994   293.734
       995   293.734
       996   293.734
       997   293.734
       998   293.734
       999   293.734
      1000   293.734
      1001   293.734
      1002   293.734
      1003   293.734
      1004   293.734
      1005   293.734
      1006   293.734
      1007   293.734
      1008   293.734
      1009   293.734
      1010   293.734
      1011   293.734
      1012   293.734
      1013   293.734
      1014   293.734
      1015   293.734
      1016   293.734
      1017   293.734
      1018   293.734
      1019   293.734
      1020   293.734
      1021   293.734
      1022   293.734
      1023   293.734
      1024   293.734
      1025   293.734
      1026   293.734
      1027   293.734
      1028   293.734
      1029   293.734
      1030   293.734
      1031   293.734
      1032   293.734
      1033   293.734
      1034   293.734
      1035   293.734
      1036   293.734
      1037   293.734
      1038   293.734
      1039   293.734
      1040   293.734
      1041   293.734
      1042   293.734
      1043   293.734
      1044   293.734
      1045   293.734
      1046   293.734
      1047   293.734
      1048   293.734
      1049   293.734
      1050   293.734
      1051   293.734
      1052   293.734
      1053   293.734
      1054   293.734
      1055   293.734
      1056   293.734
      1057   293.734
      1058   293.734
      1059   293.734
      1060   293.734
      1061   293.734
      1062   293.734
      1063   293.734
      1064   293.734
      1065   293.734
      1066   293.734
      1067   293.734
      1068   293.734
      1069   293.734
      1070   293.734
      1071   293.734
      1072   293.734
      1073   293.734
      1074   293.734
      1075   293.734
      1076   293.734
      1077   293.734
      1078   293.734
      1079   293.734
      1080   293.734
      1081   293.734
      1082   293.734
      1083   293.734
      1084   293.734
      1085   293.734
      1086   293.734
      1087   293.734
      1088   293.734
      1089   293.734
      1090   293.734
      1091   293.734
      1092   293.734
      1093   293.734
      1094   293.734
      1095   293.734
      1096   293.734
      1097   293.734
      1098   293.734
      1099   293.734
      1100   293.734
      1101   293.734
      1102   293.734
      1103   293.734
      1104   293.734
      1105   293.734
      1106   293.734
      1107   293.734
      1108   293.734
      1109   293.734
      1110   293.734
      1111   293.734
      1112   293.734
      1113   293.734
      1114   293.734
      1115   293.734
      1116   293.734
      1117   293.734
      1118   293.734
      1119   293.734
      1120   293.734
      1121   293.734
      1122   293.734
      1123   293.734
      1124   293.734
      1125   293.734
      1126   293.734
      1127   293.734
      1128   293.734
      1129   293.734
      1130   293.734
      1131   293.734
      1132   293.734
      1133   293.734
      1134   293.734
      1135   293.734
      1136   293.734
      1137   293.734
      1138   293.734
      1139   293.734
      1140   293.734
      1141   293.734
      1142   293.734
      1143   293.734
      1144   293.734
      1145   293.734
      1146   293.734
      1147   293.734
      1148   293.734
      1149   293.734
      1150   293.734
      1151   293.734
      1152   293.734
      1153   293.734
      1154   293.734
      1155   293.734
      1156   293.734
      1157   293.734
      1158   293.734
      1159   293.734
      1160   293.734
      1161   293.734
      1162   293.734
      1163   293.734
      1164   293.734
      1165   293.734
      1166   293.734
      1167   293.734
      1168   293.734
      1169   293.734
      1170   293.726
      1171   292.841
      1172    291.83
      1173    291.83
      1174    291.83
      1175    291.83
      1176   291.825
      1177   291.267
      1178   290.551
      1179   290.551
      1180   290.551
      1181   290.551
      1182   290.551
      1183   290.551
      1184   290.551
      1185   290.551
      1186   290.551
      1187   290.551
      1188   290.551
      1189   290.551
      1190   290.551
      1191   290.551
      1192   290.551
      1193   290.551
      1194   290.551
      1195   290.551
      1196   290.551
      1197   290.551
      1198   290.551
      1199   290.551
      1200   290.551
      1201   290.551
      1202   290.551
      1203   290.551
      1204   290.551
      1205   290.551
      1206   290.551
      1207   290.551
      1208   290.551
      1209   290.551
      1210   290.551
      1211   290.551
      1212   290.551
      1213   290.551
      1214   290.551
      1215   290.551
      1216   290.551
      1217   290.551
      1218   290.551
      1219   290.551
      1220   290.551
      1221   290.551
      1222   290.551
      1223   290.551
      1224   290.551
      1225   290.551
      1226   290.551
      1227   290.551
      1228   290.551
      1229   290.551
      1230   290.551
      1231   290.551
      1232   290.551
      1233   290.551
      1234   290.551
      1235   290.551
      1236   290.551
      1237   290.551
      1238   290.551
      1239   290.551
      1240   290.551
      1241   290.551
      1242   290.551
      1243   290.551
      1244   290.551
      1245   290.551
      1246   290.551
      1247   290.551
      1248   290.551
      1249   290.551
      1250   290.551
      1251   290.551
      1252   290.551
      1253   290.551
      1254   290.551
      1255   290.551
      1256   290.551
      1257   290.551
      1258   290.551
      1259   290.551
      1260   290.551
      1261   290.551
      1262   290.551
      1263   290.551
      1264   290.551
      1265   290.551
      1266   290.551
      1267   290.551
      1268   290.551
      1269   290.551
      1270   290.551
      1271   290.551
      1272   290.551
      1273   290.551
      1274   290.551
      1275   290.551
      1276   290.551
      1277   290.551
      1278   290.551
      1279   290.551
      1280   290.551
      1281   290.551
      1282   290.551
      1283   290.551
      1284   290.551
      1285   290.551
      1286   290.551
      1287   290.551
      1288   290.551
      1289   290.551
      1290   290.551
      1291   290.551
      1292   290.551
      1293   290.551
      1294   290.551
      1295   290.551
      1296   290.551
      1297   290.551
      1298   290.551
      1299   290.551
      1300   290.551
      1301   290.551
      1302   290.551
      1303   290.551
      1304   290.551
      1305   290.551
      1306   290.551
      1307   290.551
      1308   290.551
      1309   290.551
      1310   290.551
      1311   290.551
      1312   290.551
      1313   290.551
      1314   290.551
      1315   290.551
      1316   290.551
      1317   290.551
      1318   290.551
      1319   290.551
      1320   290.551
      1321   290.551
      1322   290.551
      1323   290.551
      1324   290.551
      1325   290.551
      1326   290.551
      1327   290.551
      1328   290.551
      1329   290.551
      1330   290.551
      1331   290.551
      1332   290.551
      1333   290.551
      1334   290.551
      1335   290.551
      1336   290.551
      1337   290.551
      1338   290.551
      1339   290.551
      1340   290.551
      1341   290.551
      1342   290.551
      1343   290.551
      1344   290.551
      1345   290.551
      1346   290.551
      1347   290.551
      1348   290.551
      1349   290.551
      1350   290.551
      1351   290.551
      1352   290.551
      1353   290.551
      1354   290.551
      1355   290.551
      1356   290.551
      1357   290.551
      1358   290.551
      1359   290.551
      1360   290.544
      1361   289.794
      1362    288.92
      1363    288.92
      1364    288.92
      1365    288.92
      1366    288.92
      1367    288.92
      1368    288.92
      1369    288.92
      1370    288.92
      1371    288.92
      1372    288.92
      1373    288.92
      1374    288.92
      1375    288.92
      1376    288.92
      1377    288.92
      1378    288.92
      1379    288.92
      1380    288.92
      1381    288.92
      1382    288.92
      1383    288.92
      1384    288.92
      1385    288.92
      1386    288.92
      1387    288.92
      1388    288.92
      1389    288.92
      1390    288.92
      1391    288.92
      1392    288.92
      1393    288.92
      1394    288.92
      1395    288.92
      1396    288.92
      1397    288.92
      1398    288.92
      1399    288.92
      1400    288.92
      1401    288.92
      1402    288.92
      1403    288.92
      1404    288.92
      1405    288.92
      1406    288.92
      1407    288.92
      1408    288.92
      1409    288.92
      1410    288.92
      1411    288.92
      1412    288.92
      1413    288.92
      1414    288.92
      1415    288.92
      1416    288.92
      1417    288.92
      1418    288.92
      1419    288.92
      1420    288.92
      1421    288.92
      1422    288.92
      1423    288.92
      1424    288.92
      1425    288.92
      1426    288.92
      1427    288.92
      1428    288.92
      1429    288.92
      1430    288.92
      1431    288.92
      1432    288.92
      1433    288.92
      1434    288.92
      1435    288.92
      1436    288.92
      1437    288.92
      1438    288.92
      1439    288.92
      1440    288.92
      1441    288.92
      1442    288.92
      1443    288.92
      1444    288.92
      1445    288.92
      1446    288.92
      1447    288.92
      1448    288.92
      1449    288.92
      1450    288.92
      1451    288.92
      1452    288.92
      1453    288.92
      1454    288.92
      1455    288.92
      1456    288.92
      1457    288.92
      1458    288.92
      1459    288.92
      1460    288.92
      1461    288.92
      1462    288.92
      1463    288.92
      1464    288.92
      1465    288.92
      1466    288.92
      1467    288.92
      1468    288.92
      1469    288.92
      1470    288.92
      1471    288.92
      1472    288.92
      1473    288.92
      1474    288.92
      1475    288.92
      1476    288.92
      1477    288.92
      1478    288.92
      1479    288.92
      1480    288.92
      1481    288.92
      1482    288.92
      1483    288.92
      1484    288.92
      1485    288.92
      1486    288.92
      1487    288.92
      1488    288.92
      1489    288.92
      1490    288.92
      1491    288.92
      1492    288.92
      1493    288.92
      1494    288.92
      1495    288.92
      1496    288.92
      1497    288.92
      1498    288.92
      1499    288.92
      1500    288.92
      1501    288.92
      1502    288.92
      1503    288.92
      1504    288.92
      1505    288.92
      1506    288.92
      1507    288.92
      1508    288.92
      1509    288.92
      1510    288.92
      1511    288.92
      1512    288.92
      1513    288.92
      1514    288.92
      1515    288.92
      1516    288.92
      1517    288.92
      1518    288.92
      1519    288.92
      1520    288.92
      1521    288.92
      1522    288.92
      1523    288.92
      1524    288.92
      1525    288.92
      1526    288.92
      1527    288.92
      1528    288.92
      1529    288.92
      1530    288.92
      1531    288.92
      1532    288.92
      1533    288.92
      1534    288.92
      1535    288.92
      1536    288.92
      1537    288.92
      1538    288.92
      1539    288.92
      1540    288.92
      1541    288.92
      1542    288.92
      1543    288.92
      1544    288.92
      1545    288.92
      1546    288.92
      1547    288.92
      1548    288.92
      1549    288.92
      1550    288.92
      1551    288.92
      1552    288.92
      1553    288.92
      1554    288.92
      1555    288.92
      1556    288.92
      1557    288.92
      1558    288.92
      1559    288.92
      1560    288.92
      1561    288.92
      1562    288.92
      1563    288.92
      1564    288.92
      1565    288.92
      1566    288.92
      1567    288.92
      1568    288.92
      1569    288.92
      1570    288.92
      1571    288.92
      1572    288.92
      1573    288.92
      1574    288.92
      1575    288.92
      1576    288.92
      1577    288.92
      1578    288.92
      1579    288.92
      1580    288.92
      1581    288.92
      1582    288.92
      1583    288.92
      1584    288.92
      1585    288.92
      1586    288.92
      1587    288.92
      1588    288.92
      1589    288.92
      1590    288.92
      1591    288.92
      1592    288.92
      1593    288.92
      1594    288.92
      1595    288.92
      1596    288.92
      1597    288.92
      1598    288.92
      1599    288.92
      1600    288.92
      1601    288.92
      1602    288.92
      1603    288.92
      1604    288.92
      1605    288.92
      1606    288.92
      1607    288.92
      1608    288.92
      1609    288.92
      1610    288.92
      1611    288.92
      1612    288.92
      1613    288.92
      1614    288.92
      1615    288.92
      1616    288.92
      1617    288.92
      1618    288.92
      1619    288.92
      1620    288.92
      1621    288.92
      1622    288.92
      1623    288.92
      1624    288.92
      1625    288.92
      1626    288.92
      1627    288.92
      1628    288.92
      1629    288.92
      1630    288.92
      1631    288.92
      1632    288.92
      1633    288.92
      1634    288.92
      1635    288.92
      1636    288.92
      1637    288.92
      1638    288.92
      1639    288.92
      1640    288.92
      1641    288.92
      1642    288.92
      1643    288.92
      1644    288.92
      1645    288.92
      1646    288.92
      1647    288.92
      1648    288.92
      1649    288.92
      1650    288.92
      1651    288.92
      1652    288.92
      1653    288.92
      1654    288.92
      1655    288.92
      1656    288.92
      1657    288.92
      1658    288.92
      1659    288.92
      1660    288.92
      1661    288.92
      1662    288.92
      1663    288.92
      1664    288.92
      1665    288.92
      1666    288.92
      1667    288.92
      1668    288.92
      1669    288.92
      1670    288.92
      1671    288.92
      1672    288.92
      1673    288.92
      1674    288.92
      1675    288.92
      1676    288.92
      1677    288.92
      1678    288.92
      1679    288.92
      1680    288.92
      1681    288.92
      1682    288.92
      1683    288.92
      1684    288.92
      1685    288.92
      1686    288.92
      1687    288.92
      1688    288.92
      1689    288.92
      1690    288.92
      1691    288.92
      1692    288.92
      1693    288.92
      1694    288.92
      1695    288.92
      1696    288.92
      1697    288.92
      1698    288.92
      1699    288.92
      1700    288.92
      1701    288.92
      1702    288.92
      1703    288.92
      1704    288.92
      1705    288.92
      1706    288.92
      1707    288.92
      1708    288.92
      1709    288.92
      1710    288.92
      1711    288.92
      1712    288.92
      1713    288.92
      1714    288.92
      1715    288.92
      1716    288.92
      1717    288.92
      1718    288.92
      1719    288.92
      1720    288.92
      1721    288.92
      1722    288.92
      1723    288.92
      1724    288.92
      1725    288.92
      1726    288.92
      1727    288.92
      1728    288.92
      1729    288.92
      1730    288.92
      1731    288.92
      1732    288.92
      1733    288.92
      1734    288.92
      1735    288.92
      1736    288.92
      1737    288.92
      1738    288.92
      1739    288.92
      1740    288.92
      1741    288.92
      1742    288.92
      1743    288.92
      1744    288.92
      1745    288.92
      1746    288.92
      1747    288.92
      1748    288.92
      1749    288.92
      1750    288.92
      1751    288.92
      1752    288.92
      1753    288.92
      1754    288.92
      1755    288.92
      1756    288.92
      1757    288.92
      1758    288.92
      1759    288.92
      1760    288.92
      1761    288.92
      1762    288.92
      1763    288.92
      1764    288.92
      1765    288.92
      1766    288.92
      1767    288.92
      1768    288.92
      1769    288.92
      1770    288.92
      1771    288.92
      1772    288.92
      1773    288.92
      1774    288.92
      1775    288.92
      1776    288.92
      1777    288.92
      1778    288.92
      1779    288.92
      1780    288.92
      1781    288.92
      1782    288.92
      1783    288.92
      1784    288.92
      1785    288.92
      1786    288.92
      1787    288.92
      1788    288.92
      1789    288.92
      1790    288.92
      1791    288.92
      1792    288.92
      1793    288.92
      1794    288.92
      1795    288.92
      1796    288.92
      1797    288.92
      1798    288.92
      1799    288.92
      1800    288.92
      1801    288.92
      1802    288.92
      1803    288.92
      1804    288.92
      1805    288.92
      1806    288.92
      1807    288.92
      1808    288.92
      1809    288.92
      1810    288.92
      1811    288.92
      1812    288.92
      1813    288.92
      1814    288.92
      1815    288.92
      1816    288.92
      1817    288.92
      1818    288.92
      1819    288.92
      1820    288.92
      1821    288.92
      1822    288.92
      1823    288.92
      1824    288.92
      1825    288.92
      1826    288.92
      1827    288.92
      1828    288.92
      1829    288.92
      1830    288.92
      1831    288.92
      1832    288.92
      1833    288.92
      1834    288.92
      1835    288.92
      1836    288.92
      1837    288.92
      1838    288.92
      1839    288.92
      1840    288.92
      1841    288.92
      1842    288.92
      1843    288.92
      1844    288.92
      1845    288.92
      1846    288.92
      1847    288.92
      1848    288.92
      1849    288.92
      1850    288.92
      1851    288.92
      1852    288.92
      1853    288.92
      1854    288.92
      1855    288.92
      1856    288.92
      1857    288.92
      1858    288.92
      1859    288.92
      1860    288.92
      1861    288.92
      1862    288.92
      1863    288.92
      1864    288.92
      1865    288.92
      1866    288.92
      1867    288.92
      1868    288.92
      1869    288.92
      1870    288.92
      1871    288.92
      1872    288.92
      1873    288.92
      1874    288.92
      1875    288.92
      1876    288.92
      1877    288.92
      1878    288.92
      1879    288.92
      1880    288.92
      1881    288.92
      1882    288.92
      1883    288.92
      1884    288.92
      1885    288.92
      1886    288.92
      1887    288.92
      1888    288.92
      1889    288.92
      1890    288.92
      1891    288.92
      1892    288.92
      1893    288.92
      1894    288.92
      1895    288.92
      1896    288.92
      1897    288.92
      1898    288.92
      1899    288.92
      1900    288.92
      1901    288.92
      1902    288.92
      1903    288.92
      1904    288.92
      1905    288.92
      1906    288.92
      1907    288.92
      1908    288.92
      1909    288.92
      1910    288.92
      1911    288.92
      1912    288.92
      1913    288.92
      1914    288.92
      1915    288.92
      1916    288.92
      1917    288.92
      1918    288.92
      1919    288.92
      1920    288.92
      1921    288.92
      1922    288.92
      1923    288.92
      1924    288.92
      1925    288.92
      1926    288.92
      1927    288.92
      1928    288.92
      1929    288.92
      1930    288.92
      1931    288.92
      1932    288.92
      1933    288.92
      1934    288.92
      1935    288.92
      1936    288.92
      1937    288.92
      1938    288.92
      1939    288.92
      1940    288.92
      1941    288.92
      1942    288.92
      1943    288.92
      1944    288.92
      1945    288.92
      1946    288.92
      1947    288.92
      1948    288.92
      1949    288.92
      1950    288.92
      1951    288.92
      1952    288.92
      1953    288.92
      1954    288.92
      1955   288.915
      1956   288.264
      1957   287.586
      1958   287.586
      1959   287.586
      1960   287.586
      1961   287.586
      1962   287.586
      1963   287.586
      1964   287.586
      1965   287.586
      1966   287.586
      1967   287.586
      1968   287.586
      1969   287.586
      1970   287.586
      1971   287.586
      1972   287.586
      1973   287.586
      1974   287.586
      1975   287.586
      1976   287.586
      1977   287.586
      1978   287.586
      1979   287.586
      1980   287.586
      1981   287.586
      1982   287.586
      1983   287.586
      1984   287.586
      1985   287.586
      1986   287.586
      1987   287.586
      1988   287.586
      1989   287.586
      1990   287.586
      1991   287.586
      1992   287.586
      1993   287.586
      1994   287.586
      1995   287.586
      1996   287.586
      1997   287.586
      1998   287.586
      1999   287.586
