         0   908.722
         1   823.491
         2   789.603
         3   759.054
         4   707.811
         5   666.936
         6    642.99
         7   624.479
         8   597.895
         9   583.816
        10   580.571
        11   573.252
        12   570.192
        13   569.285
        14   567.355
        15   560.839
        16   553.551
        17   552.365
        18   546.411
        19    540.64
        20   538.024
        21   526.627
        22   514.537
        23   506.716
        24   496.259
        25   493.541
        26   486.124
        27   485.659
        28   482.319
        29    477.18
        30   472.297
        31    470.09
        32   469.409
        33   469.188
        34   469.188
        35   469.179
        36   468.172
        37   461.198
        38       457
        39   456.987
        40   456.143
        41   454.768
        42   454.753
        43   452.994
        44   447.213
        45   441.904
        46   431.086
        47    425.46
        48   423.376
        49   421.837
        50   421.837
        51   421.829
        52   421.154
        53   419.372
        54   418.691
        55   418.163
        56   417.742
        57   417.742
        58   417.741
        59   417.739
        60   417.739
        61   417.739
        62   417.735
        63   417.163
        64   416.467
        65   415.814
        66   415.767
        67   414.918
        68   414.139
        69   413.961
        70    413.96
        71   413.883
        72   413.749
        73   413.669
        74     413.5
        75   413.015
        76   410.795
        77   404.774
        78   401.914
        79   399.923
        80   396.861
        81   395.772
        82   393.681
        83   384.551
        84   381.837
        85   381.316
        86   379.371
        87   377.586
        88   377.586
        89   377.542
        90   376.109
        91   373.104
        92   372.996
        93   372.855
        94   372.855
        95   372.852
        96   372.453
        97    371.91
        98   369.875
        99       365
       100   364.986
       101   364.169
       102   361.509
       103   361.116
       104    359.85
       105    359.85
       106   359.849
       107   359.807
       108   358.848
       109   356.366
       110   356.366
       111   356.353
       112    355.59
       113   353.274
       114   353.274
       115   353.274
       116   353.274
       117    353.26
       118   351.636
       119   349.618
       120   349.618
       121   349.618
       122   349.618
       123   349.615
       124   349.248
       125   348.495
       126   346.603
       127   344.827
       128   344.827
       129   344.827
       130   344.827
       131   344.827
       132   344.827
       133   344.827
       134   344.827
       135   344.798
       136   341.346
       137   334.882
       138   331.812
       139     326.8
       140     326.3
       141     326.3
       142   326.291
       143   325.219
       144   324.221
       145   324.221
       146   324.221
       147   324.217
       148   323.681
       149   323.132
       150   323.132
       151   323.132
       152   323.132
       153   323.132
       154   323.132
       155   323.132
       156   323.132
       157   323.132
       158   323.132
       159   323.132
       160   323.132
       161   323.132
       162   323.129
       163   323.121
       164   323.121
       165   323.121
       166   323.121
       167   323.116
       168   322.634
       169    321.53
       170   320.996
       171   320.996
       172   320.996
       173   320.996
       174   320.996
       175   320.996
       176   320.996
       177   320.996
       178   320.996
       179   320.996
       180   320.996
       181   320.996
       182   320.996
       183   320.996
       184   320.996
       185   320.996
       186   320.996
       187   320.996
       188   320.996
       189   320.996
       190   320.996
       191   320.996
       192   320.996
       193   320.996
       194   320.996
       195   320.996
       196   320.996
       197   320.996
       198   320.996
       199   320.996
       200   320.996
       201   320.996
       202   320.996
       203   320.996
       204   320.996
       205   320.996
       206   320.996
       207   320.996
       208   320.996
       209   320.996
       210   320.996
       211   320.996
       212   320.996
       213   320.996
       214   320.996
       215   320.996
       216   320.996
       217   320.996
       218   320.996
       219   320.996
       220   320.996
       221   320.996
       222   320.972
       223   318.028
       224   313.535
       225   312.059
       226   312.059
       227   312.059
       228   312.058
       229   312.039
       230   312.014
       231   312.014
       232   312.014
       233   312.014
       234   312.014
       235   312.014
       236   312.014
       237   312.014
       238   312.013
       239    311.96
       240   311.819
       241   311.819
       242   311.819
       243   311.819
       244   311.819
       245   311.819
       246   311.819
       247   311.819
       248   311.819
       249   311.819
       250   311.819
       251   311.819
       252   311.819
       253   311.819
       254   311.819
       255   311.819
       256   311.819
       257   311.819
       258   311.819
       259   311.819
       260   311.819
       261   311.819
       262   311.819
       263   311.819
       264   311.819
       265   311.819
       266   311.819
       267   311.819
       268   311.819
       269   311.819
       270   311.819
       271   311.819
       272   311.819
       273   311.819
       274   311.819
       275   311.819
       276   311.819
       277   311.819
       278   311.819
       279   311.819
       280   311.819
       281   311.819
       282   311.819
       283   311.819
       284   311.819
       285   311.819
       286   311.819
       287   311.819
       288   311.819
       289   311.819
       290   311.819
       291   311.819
       292   311.808
       293   310.506
       294   309.014
       295   309.014
       296   309.014
       297   309.014
       298   309.014
       299   309.014
       300   309.014
       301   309.014
       302   309.014
       303   309.014
       304   309.014
       305   309.014
       306   309.014
       307   309.014
       308   309.014
       309   309.014
       310   309.014
       311   309.014
       312   309.014
       313   309.014
       314   309.014
       315   309.014
       316   309.014
       317   309.014
       318   309.014
       319   309.014
       320   309.014
       321   309.014
       322   309.014
       323   309.009
       324   308.311
       325   302.027
       326   299.974
       327   299.974
       328   299.974
       329   299.974
       330   299.974
       331   299.974
       332   299.974
       333   299.974
       334   299.974
       335   299.974
       336   299.974
       337   299.974
       338   299.974
       339   299.974
       340   299.972
       341   299.781
       342   299.601
       343   299.601
       344   299.601
       345   299.601
       346   299.601
       347   299.601
       348   299.601
       349   299.601
       350   299.601
       351   299.601
       352   299.601
       353   299.601
       354   299.601
       355   299.601
       356   299.601
       357   299.601
       358   299.601
       359   299.601
       360   299.601
       361   299.601
       362   299.601
       363   299.601
       364   299.601
       365   299.601
       366   299.601
       367   299.601
       368   299.601
       369   299.601
       370   299.601
       371   299.601
       372   299.601
       373   299.601
       374   299.601
       375   299.601
       376   299.601
       377   299.601
       378   299.601
       379   299.601
       380   299.601
       381   299.601
       382   299.601
       383   299.601
       384   299.601
       385   299.601
       386   299.601
       387   299.601
       388   299.601
       389   299.601
       390   299.601
       391   299.601
       392   299.601
       393   299.601
       394   299.601
       395   299.601
       396   299.601
       397   299.601
       398   299.601
       399   299.601
       400   299.601
       401   299.601
       402   299.601
       403   299.601
       404   299.601
       405   299.601
       406   299.601
       407   299.601
       408   299.601
       409   299.601
       410   299.601
       411   299.601
       412   299.601
       413   299.601
       414   299.601
       415   299.601
       416   299.601
       417   299.601
       418   299.601
       419   299.601
       420   299.601
       421   299.601
       422   299.601
       423   299.601
       424   299.601
       425   299.601
       426   299.601
       427   299.601
       428   299.601
       429   299.601
       430   299.601
       431   299.601
       432   299.601
       433   299.601
       434   299.601
       435   299.601
       436   299.601
       437   299.601
       438   299.601
       439   299.601
       440   299.601
       441   299.601
       442   299.601
       443   299.601
       444   299.601
       445   299.601
       446   299.601
       447   299.601
       448   299.601
       449   299.601
       450   299.601
       451   299.601
       452   299.601
       453   299.601
       454   299.601
       455   299.601
       456   299.601
       457   299.601
       458   299.601
       459   299.601
       460   299.601
       461   299.601
       462   299.601
       463   299.601
       464   299.601
       465   299.601
       466   299.601
       467   299.601
       468   299.601
       469   299.601
       470   299.601
       471   299.601
       472   299.601
       473   299.601
       474   299.601
       475   299.601
       476   299.601
       477   299.601
       478   299.601
       479   299.601
       480   299.601
       481   299.601
       482   299.601
       483   299.601
       484   299.601
       485   299.601
       486   299.601
       487   299.601
       488   299.601
       489   299.601
       490   299.601
       491   299.601
       492   299.601
       493   299.601
       494   299.601
       495   299.601
       496   299.601
       497   299.601
       498   299.601
       499   299.601
       500   299.601
       501   299.601
       502   299.601
       503   299.601
       504   299.601
       505   299.601
       506   299.601
       507   299.601
       508   299.601
       509   299.601
       510   299.601
       511   299.601
       512   299.601
       513   299.601
       514   299.601
       515   299.601
       516   299.601
       517   299.601
       518   299.601
       519   299.601
       520   299.601
       521   299.601
       522   299.601
       523   299.601
       524   299.601
       525   299.601
       526   299.601
       527   299.601
       528   299.601
       529   299.601
       530   299.601
       531   299.601
       532   299.601
       533   299.601
       534   299.601
       535   299.601
       536   299.601
       537   299.601
       538   299.601
       539   299.601
       540   299.601
       541   299.601
       542   299.601
       543   299.601
       544   299.601
       545   299.601
       546   299.601
       547   299.601
       548   299.601
       549   299.601
       550   299.601
       551   299.601
       552   299.601
       553   299.601
       554   299.601
       555   299.601
       556   299.601
       557   299.601
       558   299.601
       559   299.601
       560   299.601
       561   299.601
       562   299.601
       563   299.601
       564   299.601
       565   299.601
       566   299.601
       567   299.601
       568   299.601
       569   299.601
       570   299.601
       571   299.601
       572   299.601
       573   299.601
       574   299.601
       575   299.601
       576   299.601
       577   299.601
       578   299.601
       579   299.601
       580   299.601
       581   299.601
       582   299.601
       583   299.601
       584   299.601
       585   299.601
       586   299.601
       587   299.601
       588   299.601
       589   299.601
       590   299.601
       591   299.601
       592   299.601
       593   299.601
       594   299.601
       595   299.601
       596   299.601
       597   299.601
       598   299.601
       599   299.601
       600   299.601
       601   299.601
       602   299.601
       603   299.601
       604   299.601
       605   299.601
       606   299.601
       607   299.601
       608   299.601
       609   299.601
       610   299.601
       611   299.601
       612   299.601
       613   299.601
       614   299.601
       615   299.601
       616   299.601
       617   299.601
       618   299.601
       619   299.601
       620   299.601
       621   299.601
       622   299.601
       623   299.601
       624   299.601
       625   299.601
       626   299.601
       627   299.601
       628   299.601
       629   299.601
       630   299.601
       631   299.601
       632   299.601
       633   299.601
       634   299.601
       635   299.601
       636   299.601
       637   299.601
       638   299.601
       639   299.601
       640   299.601
       641   299.601
       642   299.601
       643   299.601
       644   299.601
       645   299.601
       646   299.601
       647   299.601
       648   299.601
       649   299.601
       650   299.601
       651   299.601
       652   299.601
       653   299.601
       654   299.601
       655   299.601
       656   299.601
       657   299.601
       658   299.601
       659   299.601
       660   299.601
       661   299.601
       662   299.601
       663   299.601
       664   299.601
       665   299.601
       666   299.601
       667   299.601
       668   299.601
       669   299.601
       670   299.601
       671   299.601
       672   299.601
       673   299.601
       674   299.601
       675   299.601
       676   299.601
       677   299.601
       678   299.601
       679   299.601
       680   299.601
       681   299.601
       682   299.601
       683   299.601
       684   299.601
       685   299.601
       686   299.601
       687   299.601
       688   299.601
       689   299.601
       690   299.601
       691   299.601
       692   299.601
       693   299.601
       694   299.601
       695   299.601
       696   299.601
       697   299.601
       698   299.601
       699   299.601
       700   299.601
       701   299.601
       702   299.601
       703   299.601
       704   299.601
       705   299.601
       706   299.601
       707   299.601
       708   299.601
       709   299.601
       710   299.601
       711   299.601
       712   299.601
       713   299.601
       714   299.601
       715   299.601
       716   299.601
       717   299.601
       718   299.601
       719   299.601
       720   299.601
       721   299.601
       722   299.601
       723   299.601
       724   299.601
       725   299.601
       726   299.601
       727   299.601
       728   299.601
       729   299.601
       730   299.601
       731   299.601
       732   299.601
       733   299.601
       734   299.601
       735   299.601
       736   299.601
       737   299.601
       738   299.601
       739   299.601
       740   299.601
       741   299.601
       742   299.601
       743   299.601
       744   299.601
       745   299.601
       746   299.601
       747   299.601
       748   299.601
       749   299.601
       750   299.601
       751   299.601
       752   299.601
       753   299.601
       754   299.601
       755   299.601
       756   299.601
       757   299.601
       758   299.601
       759   299.601
       760   299.601
       761   299.601
       762   299.601
       763   299.601
       764   299.601
       765   299.601
       766   299.601
       767   299.601
       768   299.601
       769   299.601
       770   299.601
       771   299.601
       772   299.601
       773   299.601
       774   299.601
       775   299.601
       776   299.601
       777   299.601
       778   299.601
       779   299.601
       780   299.601
       781   299.601
       782   299.601
       783   299.601
       784   299.601
       785   299.601
       786   299.601
       787   299.601
       788   299.601
       789   299.601
       790   299.601
       791   299.601
       792   299.601
       793   299.601
       794   299.601
       795   299.601
       796   299.601
       797   299.601
       798   299.601
       799   299.601
       800   299.601
       801   299.601
       802   299.601
       803   299.601
       804   299.601
       805   299.601
       806   299.601
       807   299.601
       808   299.601
       809   299.601
       810   299.601
       811   299.601
       812   299.601
       813   299.601
       814   299.601
       815   299.601
       816   299.601
       817   299.601
       818   299.601
       819   299.601
       820   299.601
       821   299.601
       822   299.601
       823   299.601
       824   299.601
       825   299.601
       826   299.601
       827   299.601
       828   299.601
       829   299.601
       830   299.601
       831   299.601
       832   299.601
       833   299.601
       834   299.601
       835   299.601
       836   299.601
       837   299.601
       838   299.601
       839   299.601
       840   299.601
       841   299.601
       842   299.601
       843   299.601
       844   299.601
       845   299.601
       846   299.601
       847   299.601
       848   299.601
       849   299.601
       850   299.601
       851   299.601
       852   299.601
       853   299.601
       854   299.601
       855   299.601
       856   299.601
       857   299.601
       858   299.601
       859   299.601
       860   299.601
       861   299.601
       862   299.601
       863   299.601
       864   299.601
       865   299.601
       866   299.601
       867   299.601
       868   299.601
       869   299.601
       870   299.601
       871   299.601
       872   299.601
       873   299.601
       874   299.601
       875   299.601
       876   299.601
       877   299.601
       878   299.601
       879   299.601
       880   299.601
       881   299.601
       882   299.601
       883   299.601
       884   299.601
       885   299.601
       886   299.601
       887   299.601
       888   299.601
       889   299.601
       890   299.601
       891   299.601
       892   299.601
       893   299.601
       894   299.601
       895   299.601
       896   299.601
       897   299.601
       898   299.601
       899   299.601
       900   299.601
       901   299.601
       902   299.601
       903   299.601
       904   299.601
       905   299.601
       906   299.601
       907   299.601
       908   299.601
       909   299.601
       910   299.601
       911   299.601
       912   299.601
       913   299.601
       914   299.601
       915   299.601
       916   299.601
       917   299.601
       918   299.601
       919   299.601
       920   299.601
       921   299.601
       922   299.601
       923   299.601
       924   299.601
       925   299.601
       926   299.601
       927   299.601
       928   299.601
       929   299.601
       930   299.601
       931   299.601
       932   299.601
       933   299.601
       934   299.601
       935   299.601
       936   299.601
       937   299.601
       938   299.601
       939   299.601
       940   299.601
       941   299.601
       942   299.601
       943   299.601
       944   299.601
       945   299.601
       946   299.601
       947   299.601
       948   299.601
       949   299.601
       950   299.601
       951   299.601
       952   299.601
       953   299.601
       954   299.601
       955   299.601
       956   299.601
       957   299.601
       958   299.601
       959   299.601
       960   299.601
       961   299.601
       962   299.601
       963   299.601
       964   299.601
       965   299.601
       966   299.601
       967   299.601
       968   299.601
       969   299.601
       970   299.601
       971   299.601
       972   299.601
       973   299.601
       974   299.601
       975   299.601
       976   299.601
       977   299.601
       978   299.601
       979   299.601
       980   299.601
       981   299.601
       982   299.601
       983   299.601
       984   299.601
       985   299.601
       986   299.601
       987   299.601
       988   299.601
       989   299.601
       990   299.601
       991   299.601
       992   299.601
       993   299.601
       994   299.601
       995   299.601
       996   299.601
       997   299.601
       998   299.601
       999   299.601
      1000   299.601
      1001   299.601
      1002   299.601
      1003   299.601
      1004   299.601
      1005   299.601
      1006   299.601
      1007   299.601
      1008   299.601
      1009   299.601
      1010   299.601
      1011   299.601
      1012   299.601
      1013   299.601
      1014   299.601
      1015   299.601
      1016   299.601
      1017   299.601
      1018   299.601
      1019   299.601
      1020   299.601
      1021   299.601
      1022   299.601
      1023   299.601
      1024   299.601
      1025   299.601
      1026   299.601
      1027   299.601
      1028   299.601
      1029   299.601
      1030   299.601
      1031   299.601
      1032   299.601
      1033   299.601
      1034   299.601
      1035   299.601
      1036   299.601
      1037   299.601
      1038   299.601
      1039   299.601
      1040   299.601
      1041   299.601
      1042   299.601
      1043   299.601
      1044   299.601
      1045   299.601
      1046   299.601
      1047   299.601
      1048   299.601
      1049   299.601
      1050   299.601
      1051   299.601
      1052   299.601
      1053   299.601
      1054   299.601
      1055   299.601
      1056   299.601
      1057   299.601
      1058   299.601
      1059   299.601
      1060   299.601
      1061   299.601
      1062   299.601
      1063   299.601
      1064   299.601
      1065   299.601
      1066   299.601
      1067   299.601
      1068   299.601
      1069   299.601
      1070   299.601
      1071   299.601
      1072   299.601
      1073   299.601
      1074   299.601
      1075   299.601
      1076   299.601
      1077   299.601
      1078   299.601
      1079   299.601
      1080   299.601
      1081   299.601
      1082   299.601
      1083   299.601
      1084   299.601
      1085   299.601
      1086   299.601
      1087   299.601
      1088   299.601
      1089   299.601
      1090   299.601
      1091   299.601
      1092   299.601
      1093   299.601
      1094   299.601
      1095   299.601
      1096   299.601
      1097   299.601
      1098   299.601
      1099   299.601
      1100   299.601
      1101   299.601
      1102   299.601
      1103   299.601
      1104   299.601
      1105   299.601
      1106   299.601
      1107   299.601
      1108   299.601
      1109   299.601
      1110   299.601
      1111   299.601
      1112   299.601
      1113   299.601
      1114   299.601
      1115   299.601
      1116   299.601
      1117   299.601
      1118   299.601
      1119   299.601
      1120   299.601
      1121   299.601
      1122   299.601
      1123   299.601
      1124   299.601
      1125   299.601
      1126   299.601
      1127   299.601
      1128   299.601
      1129   299.601
      1130   299.601
      1131   299.601
      1132   299.601
      1133   299.601
      1134   299.601
      1135   299.601
      1136   299.601
      1137   299.601
      1138   299.601
      1139   299.601
      1140   299.601
      1141   299.601
      1142   299.601
      1143   299.601
      1144   299.601
      1145   299.601
      1146   299.601
      1147   299.601
      1148   299.601
      1149   299.601
      1150   299.601
      1151   299.601
      1152   299.601
      1153   299.601
      1154   299.601
      1155   299.601
      1156   299.601
      1157   299.601
      1158   299.601
      1159   299.601
      1160   299.601
      1161   299.601
      1162   299.601
      1163   299.601
      1164   299.601
      1165   299.601
      1166   299.601
      1167   299.601
      1168   299.601
      1169   299.601
      1170   299.601
      1171   299.601
      1172   299.601
      1173   299.601
      1174   299.601
      1175   299.601
      1176   299.601
      1177   299.601
      1178   299.601
      1179   299.601
      1180   299.601
      1181   299.601
      1182   299.601
      1183   299.601
      1184   299.601
      1185   299.601
      1186   299.601
      1187   299.601
      1188   299.601
      1189   299.601
      1190   299.601
      1191   299.601
      1192   299.601
      1193   299.601
      1194   299.601
      1195   299.601
      1196   299.601
      1197   299.601
      1198   299.601
      1199   299.601
      1200   299.601
      1201   299.601
      1202   299.601
      1203   299.601
      1204   299.601
      1205   299.601
      1206   299.601
      1207   299.601
      1208   299.601
      1209   299.601
      1210   299.601
      1211   299.601
      1212   299.601
      1213   299.601
      1214   299.601
      1215   299.601
      1216   299.601
      1217   299.601
      1218   299.601
      1219   299.601
      1220   299.601
      1221   299.601
      1222   299.601
      1223   299.601
      1224   299.601
      1225   299.601
      1226   299.601
      1227   299.601
      1228   299.601
      1229   299.601
      1230   299.601
      1231   299.601
      1232   299.601
      1233   299.601
      1234   299.601
      1235   299.601
      1236   299.601
      1237   299.601
      1238   299.601
      1239   299.601
      1240   299.601
      1241   299.601
      1242   299.601
      1243   299.601
      1244   299.601
      1245   299.601
      1246   299.601
      1247   299.601
      1248   299.601
      1249   299.601
      1250   299.601
      1251   299.601
      1252   299.601
      1253   299.601
      1254   299.601
      1255   299.601
      1256   299.601
      1257   299.601
      1258   299.601
      1259   299.601
      1260   299.601
      1261   299.601
      1262   299.601
      1263   299.601
      1264   299.601
      1265   299.601
      1266   299.601
      1267   299.601
      1268   299.601
      1269   299.601
      1270   299.601
      1271   299.601
      1272   299.601
      1273   299.601
      1274   299.601
      1275   299.601
      1276   299.601
      1277   299.601
      1278   299.601
      1279   299.601
      1280   299.601
      1281   299.601
      1282   299.601
      1283   299.601
      1284   299.601
      1285   299.601
      1286   299.601
      1287   299.601
      1288   299.601
      1289   299.601
      1290   299.601
      1291   299.601
      1292   299.601
      1293   299.601
      1294   299.601
      1295   299.601
      1296   299.601
      1297   299.601
      1298   299.601
      1299   299.601
      1300   299.601
      1301   299.601
      1302   299.601
      1303   299.601
      1304   299.601
      1305   299.601
      1306   299.601
      1307   299.601
      1308   299.601
      1309   299.601
      1310   299.601
      1311   299.601
      1312   299.601
      1313   299.601
      1314   299.601
      1315   299.601
      1316   299.601
      1317   299.601
      1318   299.601
      1319   299.601
      1320   299.601
      1321   299.601
      1322   299.601
      1323   299.601
      1324   299.601
      1325   299.601
      1326   299.601
      1327   299.601
      1328   299.601
      1329   299.601
      1330   299.601
      1331   299.601
      1332   299.601
      1333   299.601
      1334   299.601
      1335   299.601
      1336   299.601
      1337   299.601
      1338   299.601
      1339   299.601
      1340   299.601
      1341   299.601
      1342   299.601
      1343   299.601
      1344   299.601
      1345   299.601
      1346   299.601
      1347   299.601
      1348   299.601
      1349   299.601
      1350   299.601
      1351   299.601
      1352   299.601
      1353   299.601
      1354   299.601
      1355   299.601
      1356   299.601
      1357   299.601
      1358   299.601
      1359   299.601
      1360   299.601
      1361   299.601
      1362   299.601
      1363   299.601
      1364   299.601
      1365   299.601
      1366   299.601
      1367   299.601
      1368   299.601
      1369   299.601
      1370   299.601
      1371   299.601
      1372   299.601
      1373   299.601
      1374   299.601
      1375   299.601
      1376   299.601
      1377   299.601
      1378   299.601
      1379   299.601
      1380   299.601
      1381   299.601
      1382   299.601
      1383   299.601
      1384   299.601
      1385   299.601
      1386   299.601
      1387   299.601
      1388   299.601
      1389   299.601
      1390   299.601
      1391   299.601
      1392   299.601
      1393   299.601
      1394   299.601
      1395   299.601
      1396   299.601
      1397   299.601
      1398   299.601
      1399   299.601
      1400   299.601
      1401   299.601
      1402   299.601
      1403   299.601
      1404   299.601
      1405   299.601
      1406   299.601
      1407   299.601
      1408   299.601
      1409   299.601
      1410   299.601
      1411   299.601
      1412   299.601
      1413   299.601
      1414   299.601
      1415   299.601
      1416   299.601
      1417   299.601
      1418   299.601
      1419   299.601
      1420   299.601
      1421   299.601
      1422   299.601
      1423   299.601
      1424   299.601
      1425   299.601
      1426   299.601
      1427   299.601
      1428   299.601
      1429   299.601
      1430   299.601
      1431   299.601
      1432   299.601
      1433   299.601
      1434   299.601
      1435   299.601
      1436   299.601
      1437   299.601
      1438   299.601
      1439   299.601
      1440   299.601
      1441   299.601
      1442   299.601
      1443   299.601
      1444   299.601
      1445   299.601
      1446   299.601
      1447   299.601
      1448   299.601
      1449   299.601
      1450   299.601
      1451   299.601
      1452   299.601
      1453   299.601
      1454   299.601
      1455   299.601
      1456   299.601
      1457   299.601
      1458   299.601
      1459   299.601
      1460   299.601
      1461   299.601
      1462   299.601
      1463   299.601
      1464   299.601
      1465   299.601
      1466   299.601
      1467   299.601
      1468   299.601
      1469   299.601
      1470   299.601
      1471   299.601
      1472   299.601
      1473   299.601
      1474   299.601
      1475   299.601
      1476   299.601
      1477   299.601
      1478   299.601
      1479   299.601
      1480   299.601
      1481   299.601
      1482   299.601
      1483   299.601
      1484   299.601
      1485   299.601
      1486   299.601
      1487   299.601
      1488   299.601
      1489   299.601
      1490   299.601
      1491   299.601
      1492   299.601
      1493   299.601
      1494   299.601
      1495   299.601
      1496   299.601
      1497   299.601
      1498   299.601
      1499   299.601
      1500   299.601
      1501   299.601
      1502   299.601
      1503   299.601
      1504   299.601
      1505   299.601
      1506   299.601
      1507   299.601
      1508   299.601
      1509   299.601
      1510   299.601
      1511   299.601
      1512   299.601
      1513   299.601
      1514   299.601
      1515   299.601
      1516   299.601
      1517   299.601
      1518   299.601
      1519   299.601
      1520   299.601
      1521   299.601
      1522   299.601
      1523   299.601
      1524   299.601
      1525   299.601
      1526   299.601
      1527   299.601
      1528   299.601
      1529   299.601
      1530   299.601
      1531   299.601
      1532   299.601
      1533   299.601
      1534   299.601
      1535   299.601
      1536   299.601
      1537   299.601
      1538   299.601
      1539   299.601
      1540   299.601
      1541   299.601
      1542   299.601
      1543   299.601
      1544   299.601
      1545   299.601
      1546   299.601
      1547   299.601
      1548   299.601
      1549   299.601
      1550   299.601
      1551   299.601
      1552   299.601
      1553   299.601
      1554   299.601
      1555   299.601
      1556   299.601
      1557   299.601
      1558   299.601
      1559   299.601
      1560   299.601
      1561   299.601
      1562   299.601
      1563   299.601
      1564   299.601
      1565   299.601
      1566   299.601
      1567   299.601
      1568   299.601
      1569   299.601
      1570   299.601
      1571   299.601
      1572   299.601
      1573   299.601
      1574   299.601
      1575   299.601
      1576   299.601
      1577   299.601
      1578   299.601
      1579   299.601
      1580   299.601
      1581   299.601
      1582   299.601
      1583   299.601
      1584   299.601
      1585   299.601
      1586   299.601
      1587   299.601
      1588   299.601
      1589   299.601
      1590   299.601
      1591   299.601
      1592   299.601
      1593   299.601
      1594   299.601
      1595   299.601
      1596   299.601
      1597   299.601
      1598   299.601
      1599   299.601
      1600   299.601
      1601   299.601
      1602   299.601
      1603   299.601
      1604   299.601
      1605   299.601
      1606   299.601
      1607   299.601
      1608   299.601
      1609   299.601
      1610   299.601
      1611   299.601
      1612   299.601
      1613   299.601
      1614   299.601
      1615   299.601
      1616   299.601
      1617   299.601
      1618   299.601
      1619   299.601
      1620   299.601
      1621   299.601
      1622   299.601
      1623   299.601
      1624   299.601
      1625   299.601
      1626   299.601
      1627   299.601
      1628   299.601
      1629   299.601
      1630   299.601
      1631   299.601
      1632   299.601
      1633   299.601
      1634   299.601
      1635   299.601
      1636   299.601
      1637   299.601
      1638   299.601
      1639   299.601
      1640   299.601
      1641   299.601
      1642   299.601
      1643   299.601
      1644   299.601
      1645   299.601
      1646   299.601
      1647   299.601
      1648   299.601
      1649   299.601
      1650   299.601
      1651   299.601
      1652   299.601
      1653   299.601
      1654   299.601
      1655   299.601
      1656   299.601
      1657   299.601
      1658   299.601
      1659   299.601
      1660   299.601
      1661   299.601
      1662   299.601
      1663   299.601
      1664   299.601
      1665   299.601
      1666   299.601
      1667   299.601
      1668   299.601
      1669   299.601
      1670   299.601
      1671   299.601
      1672   299.601
      1673   299.601
      1674   299.601
      1675   299.601
      1676   299.601
      1677   299.601
      1678   299.601
      1679   299.601
      1680   299.601
      1681   299.601
      1682   299.601
      1683   299.601
      1684   299.601
      1685   299.601
      1686   299.601
      1687   299.601
      1688   299.601
      1689   299.601
      1690   299.601
      1691   299.601
      1692   299.601
      1693   299.601
      1694   299.601
      1695   299.601
      1696   299.601
      1697   299.601
      1698   299.601
      1699   299.601
      1700   299.601
      1701   299.601
      1702   299.601
      1703   299.601
      1704   299.601
      1705   299.601
      1706   299.601
      1707   299.601
      1708   299.601
      1709   299.601
      1710   299.601
      1711   299.601
      1712   299.601
      1713   299.601
      1714   299.601
      1715   299.601
      1716   299.601
      1717   299.601
      1718   299.601
      1719   299.601
      1720   299.601
      1721   299.601
      1722   299.601
      1723   299.601
      1724   299.601
      1725   299.601
      1726   299.601
      1727   299.601
      1728   299.601
      1729   299.601
      1730   299.601
      1731   299.601
      1732   299.601
      1733   299.601
      1734   299.601
      1735   299.601
      1736   299.601
      1737   299.601
      1738   299.601
      1739   299.601
      1740   299.601
      1741   299.601
      1742   299.601
      1743   299.601
      1744   299.601
      1745   299.601
      1746   299.601
      1747   299.601
      1748   299.601
      1749   299.601
      1750   299.601
      1751   299.601
      1752   299.601
      1753   299.601
      1754   299.601
      1755   299.601
      1756   299.601
      1757   299.601
      1758   299.601
      1759   299.601
      1760   299.601
      1761   299.601
      1762   299.601
      1763   299.601
      1764   299.601
      1765   299.601
      1766   299.601
      1767   299.601
      1768   299.601
      1769   299.601
      1770   299.601
      1771   299.601
      1772   299.601
      1773   299.601
      1774   299.601
      1775   299.601
      1776   299.601
      1777   299.601
      1778   299.601
      1779   299.601
      1780   299.601
      1781   299.601
      1782   299.601
      1783   299.601
      1784   299.601
      1785   299.601
      1786   299.601
      1787   299.601
      1788   299.601
      1789   299.601
      1790   299.601
      1791   299.601
      1792   299.601
      1793   299.601
      1794   299.601
      1795   299.601
      1796   299.601
      1797   299.601
      1798   299.601
      1799   299.601
      1800   299.601
      1801   299.601
      1802   299.601
      1803   299.601
      1804   299.601
      1805   299.601
      1806   299.601
      1807   299.601
      1808   299.601
      1809   299.601
      1810   299.601
      1811   299.601
      1812   299.601
      1813   299.601
      1814   299.601
      1815   299.601
      1816   299.601
      1817   299.601
      1818   299.601
      1819   299.601
      1820   299.601
      1821   299.601
      1822   299.601
      1823   299.601
      1824   299.601
      1825   299.601
      1826   299.601
      1827   299.601
      1828   299.601
      1829   299.601
      1830   299.601
      1831   299.601
      1832   299.601
      1833   299.601
      1834   299.601
      1835   299.601
      1836   299.601
      1837   299.601
      1838   299.601
      1839   299.601
      1840   299.601
      1841   299.601
      1842   299.601
      1843   299.601
      1844   299.601
      1845   299.601
      1846   299.601
      1847   299.601
      1848   299.601
      1849   299.601
      1850   299.601
      1851   299.601
      1852   299.601
      1853   299.601
      1854   299.601
      1855   299.601
      1856   299.601
      1857   299.601
      1858   299.601
      1859   299.601
      1860   299.601
      1861   299.601
      1862   299.601
      1863   299.601
      1864   299.601
      1865   299.601
      1866   299.601
      1867   299.601
      1868   299.601
      1869   299.601
      1870   299.601
      1871   299.601
      1872   299.601
      1873   299.601
      1874   299.601
      1875   299.601
      1876   299.601
      1877   299.601
      1878   299.601
      1879   299.601
      1880   299.601
      1881   299.601
      1882   299.601
      1883   299.601
      1884   299.601
      1885   299.601
      1886   299.601
      1887   299.601
      1888   299.601
      1889   299.601
      1890   299.601
      1891   299.601
      1892   299.601
      1893   299.601
      1894   299.601
      1895   299.601
      1896   299.601
      1897   299.601
      1898   299.601
      1899   299.601
      1900   299.601
      1901   299.601
      1902   299.601
      1903   299.601
      1904   299.601
      1905   299.601
      1906   299.601
      1907   299.601
      1908   299.601
      1909   299.601
      1910   299.601
      1911   299.601
      1912   299.601
      1913   299.601
      1914   299.601
      1915   299.601
      1916   299.601
      1917   299.601
      1918   299.601
      1919   299.601
      1920   299.601
      1921   299.601
      1922   299.601
      1923   299.601
      1924   299.601
      1925   299.601
      1926   299.601
      1927   299.601
      1928   299.601
      1929   299.601
      1930   299.601
      1931   299.601
      1932   299.601
      1933   299.601
      1934   299.601
      1935   299.601
      1936   299.601
      1937   299.601
      1938   299.601
      1939   299.601
      1940   299.601
      1941   299.601
      1942   299.601
      1943   299.601
      1944   299.601
      1945   299.601
      1946   299.601
      1947   299.601
      1948   299.601
      1949   299.601
      1950   299.601
      1951   299.601
      1952   299.601
      1953   299.601
      1954   299.601
      1955   299.601
      1956   299.601
      1957   299.601
      1958   299.601
      1959   299.601
      1960   299.601
      1961   299.601
      1962   299.601
      1963   299.601
      1964   299.601
      1965   299.601
      1966   299.601
      1967   299.601
      1968   299.601
      1969   299.601
      1970   299.601
      1971   299.601
      1972   299.601
      1973   299.601
      1974   299.601
      1975   299.601
      1976   299.601
      1977   299.601
      1978   299.601
      1979   299.601
      1980   299.601
      1981   299.601
      1982   299.601
      1983   299.601
      1984   299.601
      1985   299.601
      1986   299.601
      1987   299.601
      1988   299.601
      1989   299.601
      1990   299.601
      1991   299.601
      1992   299.601
      1993   299.601
      1994   299.601
      1995   299.601
      1996   299.601
      1997   299.601
      1998   299.601
      1999   299.601
