         0   906.949
         1   784.394
         2   745.677
         3   728.218
         4   706.245
         5   682.289
         6   665.282
         7   646.798
         8   624.782
         9   615.711
        10   604.645
        11   587.946
        12   581.587
        13   575.052
        14   566.613
        15   552.376
        16   540.923
        17   520.516
        18   498.974
        19   482.479
        20   475.097
        21   473.601
        22   471.469
        23   470.837
        24   469.422
        25   467.546
        26   464.827
        27   462.882
        28   460.705
        29   457.926
        30   454.895
        31   449.043
        32   448.195
        33   447.548
        34   446.596
        35   444.676
        36   441.981
        37   438.146
        38   430.741
        39   429.813
        40   427.247
        41   424.776
        42   423.542
        43   423.542
        44   423.542
        45   423.542
        46   423.542
        47   423.542
        48    423.52
        49   421.422
        50   418.519
        51   418.519
        52   418.492
        53   416.811
        54     413.6
        55   412.271
        56   411.751
        57   411.655
        58   409.806
        59   405.541
        60   404.124
        61   404.124
        62   404.124
        63   404.102
        64   402.644
        65   399.683
        66   398.306
        67   397.853
        68   397.846
        69   397.305
        70   395.868
        71   395.847
        72   395.815
        73   395.162
        74    394.31
        75   394.308
        76   394.151
        77   393.987
        78   393.987
        79   393.987
        80   393.987
        81   393.987
        82   393.985
        83    393.77
        84   393.557
        85   393.557
        86   393.557
        87   393.552
        88   392.986
        89   392.406
        90   392.401
        91   392.089
        92   391.047
        93   390.981
        94   390.873
        95   390.873
        96   390.873
        97   390.873
        98   390.873
        99   390.873
       100   390.873
       101   390.873
       102   390.873
       103   390.865
       104   389.863
       105   388.897
       106   388.893
       107   388.415
       108   387.845
       109   387.751
       110   387.751
       111   387.751
       112   387.751
       113   387.751
       114   387.751
       115   387.751
       116   387.751
       117   387.716
       118   387.561
       119   387.446
       120   387.446
       121   387.446
       122   387.446
       123   387.446
       124   387.446
       125   387.446
       126   387.446
       127   387.442
       128   387.068
       129    386.43
       130    386.43
       131    386.43
       132    386.43
       133   386.429
       134   386.275
       135   386.124
       136   386.124
       137   386.124
       138   386.124
       139   386.124
       140   386.123
       141   385.969
       142   385.759
       143   385.759
       144   385.759
       145   385.759
       146   385.759
       147   385.759
       148   385.759
       149   385.759
       150   385.759
       151   385.759
       152   385.759
       153   385.759
       154   385.759
       155   385.759
       156   385.759
       157   385.759
       158   385.759
       159   385.759
       160   385.756
       161   385.422
       162     385.1
       163     385.1
       164     385.1
       165     385.1
       166     385.1
       167     385.1
       168     385.1
       169     385.1
       170     385.1
       171     385.1
       172     385.1
       173     385.1
       174     385.1
       175     385.1
       176     385.1
       177     385.1
       178     385.1
       179     385.1
       180     385.1
       181     385.1
       182     385.1
       183     385.1
       184     385.1
       185     385.1
       186     385.1
       187     385.1
       188     385.1
       189   385.096
       190    384.65
       191   384.122
       192   384.122
       193   384.122
       194   384.122
       195   384.122
       196   384.122
       197   384.122
       198   384.122
       199   384.122
       200   384.122
       201   384.122
       202   384.122
       203   384.122
       204   384.122
       205   384.122
       206   384.122
       207   384.122
       208   384.122
       209   384.122
       210   384.122
       211   384.122
       212   384.122
       213   384.122
       214   384.122
       215   384.122
       216   384.122
       217   384.122
       218   384.122
       219   384.122
       220   384.122
       221   384.122
       222   384.122
       223   384.122
       224   384.122
       225   384.122
       226   384.122
       227   384.122
       228   384.122
       229   384.122
       230   384.122
       231   384.122
       232   384.122
       233   384.122
       234   384.122
       235   384.122
       236   384.122
       237   384.122
       238   384.122
       239   384.122
       240   384.122
       241   384.122
       242   384.122
       243   384.122
       244   384.122
       245   384.122
       246   384.122
       247   384.121
       248   384.001
       249   383.894
       250   383.894
       251   383.894
       252   383.894
       253   383.894
       254   383.894
       255   383.894
       256   383.894
       257   383.894
       258   383.894
       259   383.894
       260   383.894
       261   383.894
       262   383.894
       263   383.894
       264   383.894
       265   383.894
       266   383.894
       267   383.894
       268   383.894
       269   383.894
       270   383.894
       271   383.894
       272   383.894
       273   383.894
       274   383.894
       275   383.894
       276   383.894
       277   383.894
       278   383.894
       279   383.894
       280   383.894
       281   383.894
       282   383.894
       283   383.894
       284   383.894
       285   383.894
       286   383.894
       287   383.894
       288   383.894
       289   383.894
       290   383.894
       291   383.894
       292   383.894
       293   383.894
       294   383.894
       295   383.894
       296   383.885
       297   381.703
       298   366.713
       299   364.692
       300   364.692
       301   364.692
       302   364.692
       303   364.692
       304   364.692
       305   364.692
       306   364.692
       307   364.692
       308   364.692
       309   364.692
       310   364.692
       311   364.692
       312   364.692
       313   364.692
       314   364.692
       315   364.669
       316   362.922
       317   358.483
       318   357.933
       319   357.933
       320   357.933
       321   357.933
       322   357.933
       323   357.933
       324   357.933
       325   357.933
       326   357.929
       327   357.367
       328    356.79
       329    356.79
       330    356.79
       331    356.79
       332    356.79
       333    356.79
       334    356.79
       335    356.79
       336    356.79
       337    356.79
       338    356.79
       339    356.79
       340    356.79
       341    356.79
       342    356.79
       343    356.79
       344    356.79
       345    356.79
       346    356.79
       347    356.79
       348    356.79
       349    356.79
       350    356.79
       351    356.79
       352    356.79
       353    356.79
       354    356.79
       355    356.79
       356    356.79
       357    356.79
       358   356.775
       359   355.271
       360    353.08
       361    353.08
       362    353.08
       363   353.078
       364   352.772
       365   352.436
       366   352.436
       367   352.436
       368   352.436
       369   352.436
       370   352.436
       371   352.436
       372   352.436
       373   352.436
       374   352.436
       375   352.436
       376   352.436
       377   352.436
       378   352.436
       379   352.436
       380   352.436
       381   352.436
       382   352.436
       383   352.415
       384   352.331
       385   352.275
       386   352.275
       387   352.275
       388   352.275
       389   352.275
       390   352.275
       391   352.275
       392   352.275
       393   352.275
       394   352.275
       395   352.275
       396   352.275
       397   352.275
       398   352.275
       399   352.275
       400   352.275
       401   352.275
       402   352.275
       403   352.275
       404   352.275
       405   352.275
       406   352.275
       407   352.275
       408   352.275
       409   352.275
       410   352.275
       411   352.275
       412   352.272
       413       352
       414   351.645
       415   351.645
       416   351.645
       417   351.645
       418   351.645
       419   351.645
       420   351.645
       421   351.645
       422   351.645
       423   351.645
       424   351.645
       425   351.645
       426   351.645
       427   351.645
       428   351.645
       429   351.645
       430   351.645
       431   351.645
       432   351.645
       433   351.645
       434   351.645
       435   351.645
       436   351.645
       437   351.645
       438   351.645
       439   351.645
       440   351.645
       441   351.645
       442   351.645
       443   351.645
       444   351.645
       445   351.645
       446   351.645
       447   351.645
       448   351.645
       449   351.645
       450   351.645
       451   351.633
       452   351.618
       453   351.618
       454   351.618
       455   351.618
       456   351.618
       457   351.618
       458   351.136
       459   345.432
       460   344.501
       461   344.501
       462   344.501
       463   344.497
       464   344.059
       465   343.528
       466   343.239
       467    343.02
       468    343.02
       469    343.02
       470    343.02
       471    343.02
       472    343.02
       473    343.02
       474    343.02
       475    343.02
       476    343.02
       477    343.02
       478    343.02
       479    343.02
       480    343.02
       481    343.02
       482    343.02
       483    343.02
       484    343.02
       485    343.02
       486    343.02
       487    343.02
       488    343.02
       489    343.02
       490    343.02
       491    343.02
       492    343.02
       493    343.02
       494    343.02
       495    343.02
       496    343.02
       497    343.02
       498    343.02
       499    343.02
       500    343.02
       501    343.02
       502    343.02
       503    343.02
       504    343.02
       505    343.02
       506    343.02
       507    343.02
       508    343.02
       509    343.02
       510    343.02
       511    343.02
       512    343.02
       513    343.02
       514    343.02
       515    343.02
       516    343.02
       517    343.02
       518    343.02
       519    343.02
       520    343.02
       521    343.02
       522    343.02
       523    343.02
       524    343.02
       525    343.02
       526    343.02
       527    343.02
       528   343.015
       529   342.408
       530   341.826
       531   341.718
       532   341.648
       533   341.648
       534   341.648
       535   341.648
       536   341.648
       537   341.648
       538   341.648
       539   341.648
       540   341.648
       541   341.648
       542   341.648
       543   341.648
       544   341.648
       545   341.648
       546   341.648
       547   341.643
       548    341.11
       549   339.379
       550   336.193
       551   333.119
       552   332.472
       553   332.472
       554   332.472
       555   332.472
       556   332.472
       557   332.472
       558   332.472
       559   332.472
       560   332.472
       561   332.472
       562   332.472
       563   332.472
       564   332.472
       565   332.472
       566   332.472
       567   332.472
       568   332.472
       569   332.472
       570   332.472
       571   332.472
       572   332.472
       573   332.472
       574   332.472
       575   332.472
       576   332.472
       577   332.472
       578   332.472
       579   332.472
       580   332.472
       581   332.472
       582   332.472
       583   332.472
       584   332.472
       585   332.472
       586   332.472
       587   332.472
       588   332.472
       589   332.472
       590   332.472
       591   332.472
       592   332.472
       593   332.472
       594   332.472
       595   332.472
       596   332.472
       597   332.472
       598   332.472
       599   332.472
       600   332.472
       601   332.472
       602   332.472
       603   332.472
       604   332.472
       605   332.472
       606   332.472
       607   332.472
       608   332.472
       609   332.472
       610   332.472
       611   332.472
       612   332.472
       613   332.472
       614   332.472
       615   332.472
       616   332.472
       617   332.472
       618   332.472
       619   332.472
       620   332.472
       621   332.472
       622   332.472
       623   332.472
       624   332.472
       625   332.472
       626   332.472
       627   332.472
       628   332.472
       629   332.472
       630   332.472
       631   332.472
       632   332.472
       633   332.472
       634   332.472
       635   332.472
       636   332.472
       637   332.472
       638   332.472
       639   332.472
       640   332.472
       641   332.472
       642   332.472
       643   332.472
       644   332.472
       645   332.472
       646   332.472
       647   332.472
       648   332.472
       649   332.472
       650   332.472
       651   332.472
       652   332.472
       653   332.472
       654   332.472
       655   332.472
       656   332.472
       657   332.472
       658   332.472
       659   332.472
       660   332.472
       661   332.472
       662   332.472
       663   332.472
       664   332.472
       665   332.472
       666   332.472
       667   332.472
       668   332.472
       669   332.472
       670   332.472
       671   332.472
       672   332.472
       673   332.472
       674   332.472
       675   332.472
       676   332.472
       677   332.472
       678   332.472
       679   332.472
       680   332.472
       681   332.472
       682   332.472
       683   332.472
       684   332.472
       685   332.472
       686   332.472
       687   332.472
       688   332.472
       689   332.472
       690   332.472
       691   332.472
       692   332.472
       693   332.472
       694   332.472
       695   332.472
       696   332.472
       697   332.472
       698   332.472
       699   332.469
       700   332.098
       701   331.712
       702   331.711
       703   331.501
       704   323.569
       705   318.817
       706   318.817
       707   318.817
       708   318.817
       709   318.817
       710   318.817
       711   318.817
       712   318.817
       713   318.817
       714   318.816
       715   318.703
       716   315.691
       717   312.527
       718   312.527
       719   312.527
       720   312.527
       721   312.527
       722   312.527
       723   312.527
       724   312.527
       725   312.527
       726   312.527
       727   312.527
       728   312.527
       729   312.527
       730   312.527
       731   312.527
       732   312.527
       733   312.527
       734   312.527
       735   312.527
       736   312.527
       737   312.527
       738   312.527
       739   312.527
       740   312.527
       741   312.527
       742   312.527
       743   312.527
       744   312.527
       745   312.527
       746   312.527
       747   312.527
       748   312.527
       749   312.527
       750   312.527
       751   312.527
       752   312.527
       753   312.527
       754   312.527
       755   312.527
       756   312.527
       757   312.527
       758   312.527
       759   312.527
       760   312.527
       761   312.527
       762   312.527
       763   312.527
       764   312.527
       765   312.527
       766   312.527
       767   312.527
       768   312.527
       769   312.527
       770   312.527
       771   312.527
       772   312.527
       773   312.527
       774   312.527
       775   312.527
       776   312.527
       777   312.527
       778   312.527
       779   312.527
       780   312.527
       781   312.527
       782   312.527
       783   312.527
       784   312.527
       785   312.527
       786   312.527
       787   312.527
       788   312.527
       789   312.527
       790   312.527
       791   312.527
       792   312.527
       793   312.527
       794   312.527
       795   312.527
       796   312.527
       797   312.527
       798   312.527
       799   312.527
       800   312.527
       801   312.527
       802   312.527
       803   312.527
       804   312.527
       805   312.527
       806   312.527
       807   312.527
       808   312.527
       809   312.527
       810   312.527
       811   312.527
       812   312.527
       813   312.527
       814   312.527
       815   312.527
       816   312.527
       817   312.527
       818   312.527
       819   312.527
       820   312.527
       821   312.527
       822   312.527
       823   312.527
       824   312.527
       825   312.527
       826   312.527
       827   312.527
       828   312.527
       829   312.527
       830   312.527
       831   312.527
       832   312.527
       833   312.527
       834   312.527
       835   312.527
       836   312.527
       837   312.527
       838   312.527
       839   312.527
       840   312.527
       841   312.527
       842   312.527
       843   312.527
       844   312.527
       845   312.527
       846   312.527
       847   312.527
       848   312.527
       849   312.527
       850   312.527
       851   312.527
       852   312.527
       853   312.527
       854   312.527
       855   312.527
       856   312.527
       857   312.527
       858   312.527
       859   312.527
       860   312.527
       861   312.527
       862   312.527
       863   312.527
       864   312.527
       865   312.521
       866   311.795
       867   311.013
       868   311.013
       869   311.013
       870   311.013
       871   311.013
       872   311.013
       873   311.012
       874   310.901
       875   310.697
       876   310.446
       877   310.297
       878   310.297
       879   310.297
       880   310.297
       881   310.297
       882   310.297
       883   310.297
       884   310.297
       885   310.297
       886   310.297
       887   310.297
       888   310.297
       889   310.297
       890   310.297
       891   310.297
       892   310.297
       893   310.297
       894   310.297
       895   310.297
       896   310.297
       897   310.297
       898   310.297
       899   310.297
       900   310.297
       901   310.297
       902   310.297
       903   310.297
       904   310.253
       905   310.209
       906   310.209
       907   310.209
       908   310.209
       909   310.209
       910   310.209
       911   310.209
       912   310.209
       913   310.209
       914   310.209
       915   310.209
       916   310.209
       917   310.209
       918   310.209
       919   310.209
       920   310.209
       921   310.209
       922   310.209
       923   310.209
       924   310.209
       925   310.206
       926   309.743
       927   309.388
       928   309.388
       929   309.388
       930   309.388
       931   309.388
       932   309.388
       933   309.388
       934   309.388
       935   309.388
       936   309.388
       937   309.388
       938   309.388
       939   309.388
       940   309.388
       941   309.388
       942   309.388
       943   309.388
       944   309.388
       945   309.388
       946   309.388
       947   309.388
       948   309.388
       949   309.388
       950   309.388
       951   309.388
       952   309.388
       953   309.388
       954   309.388
       955   309.388
       956   309.388
       957   309.388
       958   309.388
       959   309.388
       960   309.388
       961   309.388
       962   309.388
       963   309.388
       964   309.388
       965   309.388
       966   309.388
       967   309.388
       968   309.388
       969   309.388
       970   309.388
       971   309.388
       972   309.388
       973   309.388
       974   309.388
       975   309.388
       976   309.388
       977   309.388
       978   309.388
       979   309.388
       980   309.388
       981   309.388
       982   309.388
       983   309.388
       984   309.388
       985   309.388
       986   309.388
       987   309.388
       988   309.388
       989   309.388
       990   309.388
       991   309.388
       992   309.388
       993   309.346
       994   303.831
       995   296.164
       996   294.536
       997   294.536
       998   294.536
       999   294.536
      1000   294.536
      1001   294.536
      1002   294.536
      1003   294.536
      1004   294.536
      1005   294.536
      1006   294.536
      1007   294.536
      1008   294.536
      1009   294.536
      1010   294.536
      1011   294.536
      1012   294.536
      1013   294.536
      1014   294.536
      1015   294.536
      1016   294.536
      1017   294.536
      1018   294.536
      1019   294.536
      1020   294.536
      1021   294.536
      1022   294.536
      1023   294.536
      1024   294.536
      1025   294.536
      1026   294.536
      1027   294.536
      1028   294.536
      1029   294.536
      1030   294.536
      1031   294.536
      1032   294.536
      1033   294.536
      1034   294.536
      1035   294.536
      1036   294.536
      1037   294.536
      1038   294.536
      1039   294.536
      1040   294.536
      1041   294.536
      1042   294.536
      1043   294.536
      1044   294.536
      1045   294.536
      1046   294.536
      1047   294.536
      1048   294.536
      1049   294.536
      1050   294.536
      1051   294.536
      1052   294.536
      1053   294.536
      1054   294.536
      1055   294.536
      1056   294.536
      1057   294.536
      1058   294.536
      1059   294.536
      1060   294.536
      1061   294.536
      1062   294.536
      1063   294.536
      1064   294.536
      1065   294.536
      1066   294.536
      1067   294.536
      1068   294.536
      1069   294.536
      1070   294.536
      1071   294.536
      1072   294.536
      1073   294.536
      1074   294.536
      1075   294.536
      1076   294.536
      1077   294.536
      1078   294.536
      1079   294.536
      1080   294.536
      1081   294.536
      1082   294.536
      1083   294.536
      1084   294.536
      1085   294.536
      1086   294.536
      1087   294.536
      1088   294.536
      1089   294.536
      1090   294.536
      1091   294.536
      1092   294.536
      1093   294.536
      1094   294.536
      1095   294.536
      1096   294.536
      1097   294.536
      1098   294.536
      1099   294.536
      1100   294.536
      1101   294.536
      1102   294.536
      1103   294.536
      1104   294.536
      1105   294.536
      1106   294.536
      1107   294.536
      1108   294.536
      1109   294.536
      1110   294.536
      1111   294.536
      1112   294.536
      1113   294.536
      1114   294.536
      1115   294.536
      1116   294.536
      1117   294.536
      1118   294.536
      1119   294.536
      1120   294.536
      1121   294.536
      1122   294.536
      1123   294.536
      1124   294.536
      1125   294.536
      1126   294.536
      1127   294.536
      1128   294.536
      1129   294.536
      1130   294.536
      1131   294.536
      1132   294.536
      1133   294.536
      1134   294.536
      1135   294.536
      1136   294.536
      1137   294.536
      1138   294.536
      1139   294.536
      1140   294.536
      1141   294.536
      1142   294.536
      1143   294.536
      1144   294.536
      1145   294.536
      1146   294.536
      1147   294.536
      1148   294.536
      1149   294.536
      1150   294.536
      1151   294.536
      1152   294.536
      1153   294.536
      1154   294.536
      1155   294.536
      1156   294.536
      1157   294.536
      1158   294.536
      1159   294.536
      1160   294.536
      1161   294.536
      1162   294.536
      1163   294.536
      1164   294.536
      1165   294.536
      1166   294.536
      1167   294.536
      1168   294.536
      1169   294.536
      1170   294.536
      1171   294.536
      1172   294.536
      1173   294.536
      1174   294.536
      1175   294.536
      1176   294.536
      1177   294.536
      1178   294.536
      1179   294.536
      1180   294.536
      1181   294.536
      1182   294.536
      1183   294.536
      1184   294.536
      1185   294.536
      1186   294.536
      1187   294.536
      1188   294.536
      1189   294.536
      1190   294.536
      1191   294.536
      1192   294.536
      1193   294.536
      1194   294.536
      1195   294.536
      1196   294.536
      1197   294.536
      1198   294.536
      1199   294.536
      1200   294.536
      1201   294.536
      1202   294.536
      1203   294.536
      1204   294.536
      1205   294.536
      1206   294.536
      1207   294.536
      1208   294.536
      1209   294.536
      1210   294.536
      1211   294.536
      1212   294.536
      1213   294.536
      1214   294.536
      1215   294.536
      1216   294.536
      1217   294.536
      1218   294.536
      1219   294.536
      1220   294.536
      1221   294.536
      1222   294.536
      1223   294.536
      1224   294.536
      1225   294.536
      1226   294.536
      1227   294.536
      1228   294.536
      1229   294.536
      1230   294.536
      1231   294.536
      1232   294.536
      1233   294.536
      1234   294.536
      1235   294.536
      1236   294.536
      1237   294.536
      1238   294.536
      1239   294.536
      1240   294.536
      1241   294.536
      1242   294.536
      1243   294.536
      1244   294.536
      1245   294.536
      1246   294.536
      1247   294.536
      1248   294.536
      1249   294.536
      1250   294.536
      1251   294.536
      1252   294.536
      1253   294.536
      1254   294.536
      1255   294.536
      1256   294.536
      1257   294.536
      1258   294.536
      1259   294.536
      1260   294.536
      1261   294.536
      1262   294.536
      1263   294.536
      1264   294.536
      1265   294.536
      1266   294.536
      1267   294.536
      1268   294.536
      1269   294.536
      1270   294.536
      1271   294.536
      1272   294.536
      1273   294.536
      1274   294.536
      1275   294.536
      1276   294.536
      1277   294.536
      1278   294.536
      1279   294.536
      1280   294.536
      1281   294.536
      1282   294.536
      1283   294.536
      1284   294.536
      1285   294.536
      1286   294.536
      1287   294.536
      1288   294.536
      1289   294.536
      1290   294.536
      1291   294.536
      1292   294.536
      1293   294.536
      1294   294.536
      1295   294.536
      1296   294.536
      1297   294.536
      1298   294.536
      1299   294.536
      1300   294.536
      1301   294.536
      1302   294.536
      1303   294.536
      1304   294.536
      1305   294.536
      1306   294.536
      1307   294.536
      1308   294.536
      1309   294.536
      1310   294.536
      1311   294.536
      1312   294.536
      1313   294.536
      1314   294.536
      1315   294.536
      1316   294.536
      1317   294.536
      1318   294.536
      1319   294.536
      1320   294.536
      1321   294.536
      1322   294.536
      1323   294.536
      1324   294.536
      1325   294.536
      1326   294.536
      1327   294.536
      1328   294.536
      1329   294.536
      1330   294.536
      1331   294.536
      1332   294.536
      1333   294.536
      1334   294.536
      1335   294.536
      1336   294.536
      1337   294.536
      1338   294.536
      1339   294.536
      1340   294.536
      1341   294.536
      1342   294.536
      1343   294.536
      1344   294.536
      1345   294.536
      1346   294.536
      1347   294.536
      1348   294.536
      1349   294.536
      1350   294.536
      1351   294.536
      1352   294.536
      1353   294.536
      1354   294.536
      1355   294.536
      1356   294.536
      1357   294.536
      1358   294.536
      1359   294.536
      1360   294.536
      1361   294.536
      1362   294.536
      1363   294.536
      1364   294.536
      1365   294.536
      1366   294.536
      1367   294.536
      1368   294.536
      1369   294.536
      1370   294.536
      1371   294.536
      1372   294.536
      1373   294.536
      1374   294.536
      1375   294.536
      1376   294.536
      1377   294.536
      1378   294.536
      1379   294.536
      1380   294.536
      1381   294.536
      1382   294.536
      1383   294.536
      1384   294.536
      1385   294.536
      1386   294.536
      1387   294.536
      1388   294.536
      1389   294.536
      1390   294.536
      1391   294.536
      1392   294.536
      1393   294.536
      1394   294.536
      1395   294.536
      1396   294.536
      1397   294.536
      1398   294.536
      1399   294.536
      1400   294.536
      1401   294.536
      1402   294.536
      1403   294.536
      1404   294.536
      1405   294.536
      1406   294.536
      1407   294.536
      1408   294.536
      1409   294.536
      1410   294.536
      1411   294.536
      1412   294.536
      1413   294.536
      1414   294.536
      1415   294.536
      1416   294.536
      1417   294.536
      1418   294.536
      1419   294.536
      1420   294.536
      1421   294.536
      1422   294.536
      1423   294.536
      1424   294.536
      1425   294.536
      1426   294.536
      1427   294.536
      1428   294.536
      1429   294.536
      1430   294.536
      1431   294.536
      1432   294.536
      1433   294.536
      1434   294.536
      1435   294.536
      1436   294.536
      1437   294.536
      1438   294.536
      1439   294.536
      1440   294.536
      1441   294.536
      1442   294.536
      1443   294.536
      1444   294.536
      1445   294.536
      1446   294.536
      1447   294.536
      1448   294.536
      1449   294.536
      1450   294.536
      1451   294.536
      1452   294.536
      1453   294.536
      1454   294.536
      1455   294.536
      1456   294.536
      1457   294.536
      1458   294.536
      1459   294.536
      1460   294.536
      1461   294.536
      1462   294.536
      1463   294.536
      1464   294.536
      1465   294.536
      1466   294.536
      1467   294.536
      1468   294.536
      1469   294.536
      1470   294.536
      1471   294.536
      1472   294.536
      1473   294.536
      1474   294.536
      1475   294.536
      1476   294.536
      1477   294.536
      1478   294.536
      1479   294.536
      1480   294.536
      1481   294.536
      1482   294.536
      1483   294.536
      1484   294.536
      1485   294.536
      1486   294.536
      1487   294.536
      1488   294.536
      1489   294.536
      1490   294.536
      1491   294.536
      1492   294.536
      1493   294.536
      1494   294.536
      1495   294.536
      1496   294.536
      1497   294.536
      1498   294.536
      1499   294.536
      1500   294.536
      1501   294.536
      1502   294.536
      1503   294.536
      1504   294.536
      1505   294.536
      1506   294.536
      1507   294.536
      1508   294.536
      1509   294.536
      1510   294.536
      1511   294.536
      1512   294.536
      1513   294.536
      1514   294.536
      1515   294.536
      1516   294.536
      1517   294.536
      1518   294.536
      1519   294.536
      1520   294.536
      1521   294.536
      1522   294.536
      1523   294.536
      1524   294.536
      1525   294.536
      1526   294.536
      1527   294.536
      1528   294.536
      1529   294.536
      1530   294.536
      1531   294.536
      1532   294.536
      1533   294.536
      1534   294.536
      1535   294.536
      1536   294.536
      1537   294.536
      1538   294.536
      1539   294.536
      1540   294.536
      1541   294.536
      1542   294.536
      1543   294.536
      1544   294.536
      1545   294.536
      1546   294.536
      1547   294.536
      1548   294.536
      1549   294.536
      1550   294.536
      1551   294.536
      1552   294.536
      1553   294.536
      1554   294.536
      1555   294.536
      1556   294.536
      1557   294.536
      1558   294.536
      1559   294.536
      1560   294.536
      1561   294.536
      1562   294.536
      1563   294.536
      1564   294.536
      1565   294.536
      1566   294.536
      1567   294.536
      1568   294.536
      1569   294.536
      1570   294.536
      1571   294.536
      1572   294.536
      1573   294.536
      1574   294.536
      1575   294.536
      1576   294.536
      1577   294.536
      1578   294.536
      1579   294.536
      1580   294.536
      1581   294.536
      1582   294.536
      1583   294.536
      1584   294.536
      1585   294.536
      1586   294.536
      1587   294.536
      1588   294.536
      1589   294.536
      1590   294.536
      1591   294.536
      1592   294.536
      1593   294.536
      1594   294.536
      1595   294.536
      1596   294.536
      1597   294.536
      1598   294.536
      1599   294.536
      1600   294.536
      1601   294.536
      1602   294.536
      1603   294.536
      1604   294.536
      1605   294.536
      1606   294.536
      1607   294.536
      1608   294.536
      1609   294.536
      1610   294.536
      1611   294.536
      1612   294.536
      1613   294.536
      1614   294.536
      1615   294.536
      1616   294.536
      1617   294.536
      1618   294.536
      1619   294.536
      1620   294.536
      1621   294.536
      1622   294.536
      1623   294.536
      1624   294.536
      1625   294.536
      1626   294.536
      1627   294.536
      1628   294.536
      1629   294.536
      1630   294.536
      1631   294.536
      1632   294.536
      1633   294.536
      1634   294.536
      1635   294.536
      1636   294.536
      1637   294.536
      1638   294.536
      1639   294.536
      1640   294.536
      1641   294.536
      1642   294.536
      1643   294.536
      1644   294.536
      1645   294.536
      1646   294.536
      1647   294.536
      1648   294.536
      1649   294.536
      1650   294.536
      1651   294.536
      1652   294.536
      1653   294.536
      1654   294.536
      1655   294.536
      1656   294.536
      1657   294.536
      1658   294.536
      1659   294.536
      1660   294.536
      1661   294.536
      1662   294.536
      1663   294.536
      1664   294.536
      1665   294.536
      1666   294.536
      1667   294.536
      1668   294.536
      1669   294.536
      1670   294.536
      1671   294.536
      1672   294.536
      1673   294.536
      1674   294.536
      1675   294.536
      1676   294.536
      1677   294.536
      1678   294.536
      1679   294.536
      1680   294.536
      1681   294.536
      1682   294.536
      1683   294.536
      1684   294.536
      1685   294.536
      1686   294.536
      1687   294.536
      1688   294.536
      1689   294.536
      1690   294.536
      1691   294.536
      1692   294.536
      1693   294.536
      1694   294.536
      1695   294.536
      1696   294.536
      1697   294.536
      1698   294.536
      1699   294.536
      1700   294.536
      1701   294.536
      1702   294.536
      1703   294.536
      1704   294.536
      1705   294.536
      1706   294.536
      1707   294.536
      1708   294.536
      1709   294.536
      1710   294.536
      1711   294.536
      1712   294.536
      1713   294.536
      1714   294.536
      1715   294.536
      1716   294.536
      1717   294.536
      1718   294.536
      1719   294.536
      1720   294.536
      1721   294.536
      1722   294.536
      1723   294.536
      1724   294.536
      1725   294.536
      1726   294.536
      1727   294.536
      1728   294.536
      1729   294.536
      1730   294.536
      1731   294.536
      1732   294.536
      1733   294.536
      1734   294.536
      1735   294.536
      1736   294.536
      1737   294.536
      1738   294.536
      1739   294.536
      1740   294.536
      1741   294.536
      1742   294.536
      1743   294.536
      1744   294.536
      1745   294.536
      1746   294.536
      1747   294.536
      1748   294.536
      1749   294.536
      1750   294.536
      1751   294.536
      1752   294.536
      1753   294.536
      1754   294.536
      1755   294.536
      1756   294.536
      1757   294.536
      1758   294.536
      1759   294.536
      1760   294.536
      1761   294.536
      1762   294.536
      1763   294.536
      1764   294.536
      1765   294.536
      1766   294.536
      1767   294.536
      1768   294.536
      1769   294.536
      1770   294.536
      1771   294.536
      1772   294.536
      1773   294.536
      1774   294.536
      1775   294.536
      1776   294.536
      1777   294.536
      1778   294.536
      1779   294.536
      1780   294.536
      1781   294.536
      1782   294.536
      1783   294.536
      1784   294.536
      1785   294.536
      1786   294.536
      1787   294.536
      1788   294.536
      1789   294.536
      1790   294.536
      1791   294.536
      1792   294.536
      1793   294.536
      1794   294.536
      1795   294.536
      1796   294.536
      1797   294.536
      1798   294.536
      1799   294.536
      1800   294.536
      1801   294.536
      1802   294.536
      1803   294.536
      1804   294.536
      1805   294.536
      1806   294.536
      1807   294.536
      1808   294.536
      1809   294.536
      1810   294.536
      1811   294.536
      1812   294.536
      1813   294.536
      1814   294.536
      1815   294.536
      1816   294.536
      1817   294.536
      1818   294.536
      1819   294.536
      1820   294.536
      1821   294.536
      1822   294.536
      1823   294.536
      1824   294.536
      1825   294.536
      1826   294.536
      1827   294.536
      1828   294.536
      1829   294.536
      1830   294.536
      1831   294.536
      1832   294.536
      1833   294.536
      1834   294.536
      1835   294.536
      1836   294.536
      1837   294.536
      1838   294.536
      1839   294.536
      1840   294.536
      1841   294.536
      1842   294.536
      1843   294.536
      1844   294.536
      1845   294.536
      1846   294.536
      1847   294.536
      1848   294.536
      1849   294.536
      1850   294.536
      1851   294.536
      1852   294.536
      1853   294.536
      1854   294.536
      1855   294.536
      1856   294.536
      1857   294.536
      1858   294.536
      1859   294.536
      1860   294.536
      1861   294.536
      1862   294.536
      1863   294.536
      1864   294.536
      1865   294.536
      1866   294.536
      1867   294.536
      1868   294.536
      1869   294.536
      1870   294.536
      1871   294.536
      1872   294.536
      1873   294.536
      1874   294.536
      1875   294.536
      1876   294.536
      1877   294.536
      1878   294.536
      1879   294.536
      1880   294.536
      1881   294.536
      1882   294.536
      1883   294.536
      1884   294.536
      1885   294.536
      1886   294.536
      1887   294.536
      1888   294.536
      1889   294.536
      1890   294.536
      1891   294.536
      1892   294.536
      1893   294.536
      1894   294.536
      1895   294.536
      1896   294.536
      1897   294.536
      1898   294.536
      1899   294.536
      1900   294.536
      1901   294.536
      1902   294.536
      1903   294.536
      1904   294.536
      1905   294.536
      1906   294.536
      1907   294.536
      1908   294.536
      1909   294.536
      1910   294.536
      1911   294.536
      1912   294.536
      1913   294.536
      1914   294.536
      1915   294.536
      1916   294.536
      1917   294.536
      1918   294.536
      1919   294.536
      1920   294.536
      1921   294.536
      1922   294.536
      1923   294.536
      1924   294.536
      1925   294.536
      1926   294.536
      1927   294.536
      1928   294.536
      1929   294.536
      1930   294.536
      1931   294.536
      1932   294.536
      1933   294.536
      1934   294.536
      1935   294.536
      1936   294.536
      1937   294.536
      1938   294.536
      1939   294.536
      1940   294.536
      1941   294.536
      1942   294.536
      1943   294.536
      1944   294.536
      1945   294.536
      1946   294.536
      1947   294.536
      1948   294.536
      1949   294.536
      1950   294.536
      1951   294.536
      1952   294.536
      1953   294.536
      1954   294.536
      1955   294.536
      1956   294.536
      1957   294.536
      1958   294.536
      1959   294.536
      1960   294.536
      1961   294.536
      1962   294.536
      1963   294.536
      1964   294.536
      1965   294.536
      1966   294.536
      1967   294.536
      1968   294.536
      1969   294.536
      1970   294.536
      1971   294.536
      1972   294.536
      1973   294.536
      1974   294.536
      1975   294.536
      1976   294.536
      1977   294.536
      1978   294.536
      1979   294.536
      1980   294.536
      1981   294.536
      1982   294.536
      1983   294.536
      1984   294.536
      1985   294.536
      1986   294.536
      1987   294.536
      1988   294.536
      1989   294.536
      1990   294.536
      1991   294.536
      1992   294.536
      1993   294.536
      1994   294.536
      1995   294.536
      1996   294.536
      1997   294.536
      1998   294.536
      1999   294.536
