         0   896.325
         1   817.767
         2   784.357
         3   748.386
         4   696.111
         5   668.928
         6   642.423
         7   617.896
         8   603.884
         9   589.235
        10   579.026
        11   570.339
        12   555.759
        13   544.801
        14   531.853
        15   525.087
        16   522.862
        17   520.726
        18   515.503
        19   512.921
        20   503.984
        21   499.794
        22   499.315
        23   499.312
        24   498.996
        25   498.596
        26   490.295
        27   461.243
        28    458.05
        29   456.942
        30   454.152
        31   452.609
        32   449.861
        33   445.263
        34   444.246
        35   443.152
        36   442.163
        37   441.749
        38   441.654
        39   429.998
        40   417.971
        41   416.554
        42    414.81
        43   414.186
        44   412.088
        45   403.596
        46   398.538
        47   395.372
        48    392.79
        49   392.351
        50   390.318
        51   388.837
        52   388.054
        53   386.908
        54   386.908
        55   386.908
        56   386.901
        57   386.003
        58    385.19
        59    383.64
        60   381.931
        61   381.304
        62   379.892
        63   378.129
        64   377.544
        65   376.729
        66   376.387
        67   376.378
        68   375.551
        69   374.425
        70   374.425
        71   374.425
        72   374.411
        73   372.777
        74   370.746
        75   366.008
        76   360.988
        77   360.988
        78   360.988
        79   360.979
        80   359.888
        81   358.822
        82   358.822
        83   358.817
        84   358.476
        85   356.805
        86   355.479
        87   355.362
        88    353.44
        89   351.732
        90   351.732
        91   351.731
        92   351.561
        93   350.887
        94   349.138
        95   347.945
        96   347.945
        97   347.944
        98   347.818
        99   347.676
       100   347.676
       101   347.676
       102   347.667
       103   346.874
       104   345.263
       105   343.496
       106   342.634
       107   341.801
       108   341.664
       109   341.512
       110   341.512
       111   341.512
       112   341.512
       113   341.512
       114   341.512
       115   341.512
       116   341.512
       117   341.507
       118   340.973
       119   340.467
       120   338.311
       121   336.338
       122   336.338
       123   336.338
       124   336.338
       125   336.338
       126   336.336
       127    336.05
       128   335.801
       129   335.789
       130   334.434
       131   332.637
       132   332.496
       133   332.045
       134   331.741
       135   331.724
       136   329.737
       137    327.46
       138   327.456
       139   326.975
       140    326.45
       141    326.45
       142    326.45
       143    326.45
       144   326.445
       145   325.698
       146   325.149
       147    324.82
       148    323.99
       149    323.99
       150    323.99
       151    323.99
       152   323.987
       153   323.561
       154   323.184
       155   323.184
       156   323.184
       157   323.184
       158   323.184
       159   323.184
       160   323.184
       161   323.184
       162   323.184
       163   323.184
       164   323.184
       165   323.184
       166   323.184
       167   323.184
       168   323.184
       169   323.184
       170   323.143
       171   323.104
       172   323.104
       173   323.104
       174   323.104
       175   323.104
       176   323.104
       177   323.104
       178   323.104
       179   323.104
       180   323.104
       181   323.104
       182   323.104
       183   323.104
       184   323.104
       185   323.104
       186   323.104
       187   323.104
       188   323.104
       189   323.104
       190   323.104
       191   323.104
       192   323.104
       193   323.104
       194   323.104
       195   323.104
       196   323.104
       197   323.104
       198   323.104
       199   323.104
       200   323.104
       201   323.104
       202   323.104
       203   323.104
       204   323.104
       205   323.104
       206   323.104
       207   323.104
       208   323.104
       209   323.104
       210   323.104
       211   323.104
       212   323.104
       213   323.104
       214   323.104
       215   323.104
       216   323.104
       217   323.104
       218   323.104
       219   323.104
       220   323.104
       221   323.104
       222   323.104
       223   323.104
       224   323.104
       225   323.104
       226   323.104
       227   323.104
       228   323.104
       229   323.104
       230   323.104
       231   323.104
       232   323.104
       233   323.104
       234   323.104
       235   323.104
       236   323.104
       237   323.104
       238   323.104
       239   323.104
       240   323.104
       241   323.104
       242   323.104
       243   323.104
       244   323.104
       245   323.104
       246   323.104
       247   323.104
       248   323.104
       249   323.104
       250   323.104
       251   323.104
       252   323.104
       253   323.104
       254   323.104
       255   323.104
       256   323.104
       257   323.104
       258   323.104
       259   323.104
       260   323.104
       261   323.104
       262   323.104
       263   323.104
       264   323.104
       265   323.104
       266   323.104
       267   323.104
       268     323.1
       269   322.702
       270   322.224
       271   322.224
       272   322.224
       273   322.224
       274   322.224
       275   322.224
       276   322.224
       277   322.224
       278   322.224
       279   322.224
       280   322.224
       281   322.224
       282   322.224
       283   322.224
       284   322.224
       285   322.224
       286   322.224
       287   322.224
       288   322.224
       289   322.224
       290   322.224
       291   322.224
       292   322.224
       293   322.224
       294   322.224
       295   322.224
       296   322.224
       297   322.224
       298   322.224
       299   322.224
       300   322.222
       301   322.084
       302   321.887
       303   321.887
       304   321.887
       305   321.887
       306   321.887
       307   321.884
       308   321.718
       309   321.159
       310   321.079
       311   321.079
       312   321.079
       313   321.079
       314   321.079
       315   321.079
       316   321.079
       317   321.079
       318   321.079
       319   321.079
       320   321.079
       321   321.079
       322   321.079
       323   321.079
       324   321.079
       325   321.079
       326   321.079
       327   321.079
       328   321.079
       329   321.079
       330   321.079
       331   321.079
       332   321.079
       333   321.079
       334   321.079
       335   321.079
       336   321.079
       337   321.079
       338   321.079
       339   321.079
       340   321.079
       341   321.079
       342   321.079
       343   321.079
       344   321.078
       345   321.037
       346   320.898
       347   320.898
       348   320.898
       349   320.898
       350   320.898
       351   320.898
       352   320.898
       353   320.898
       354   320.898
       355   320.898
       356   320.898
       357   320.898
       358   320.898
       359   320.898
       360   320.898
       361   320.898
       362   320.898
       363   320.898
       364   320.898
       365   320.898
       366   320.898
       367   320.898
       368   320.898
       369   320.898
       370   320.898
       371   320.898
       372   320.898
       373   320.898
       374   320.898
       375   320.898
       376   320.898
       377   320.898
       378   320.898
       379   320.898
       380   320.898
       381   320.898
       382   320.898
       383   320.898
       384   320.898
       385   320.898
       386   320.898
       387   320.898
       388   320.898
       389   320.898
       390   320.898
       391   320.898
       392   320.898
       393   320.898
       394   320.898
       395   320.898
       396   320.898
       397   320.898
       398   320.898
       399   320.898
       400   320.898
       401   320.898
       402   320.898
       403   320.898
       404   320.898
       405   320.898
       406   320.851
       407   320.796
       408   320.796
       409   320.796
       410   320.796
       411   320.796
       412   320.796
       413   320.796
       414   320.796
       415   320.796
       416   320.796
       417   320.796
       418   320.796
       419   320.796
       420   320.796
       421   320.796
       422   320.796
       423   320.796
       424   320.796
       425   320.796
       426   320.796
       427   320.796
       428   320.796
       429   320.796
       430   320.796
       431   320.796
       432   320.796
       433   320.796
       434   320.796
       435   320.796
       436   320.796
       437   320.796
       438   320.796
       439   320.796
       440   320.796
       441   320.796
       442   320.796
       443   320.796
       444   320.796
       445   320.796
       446   320.796
       447   320.796
       448   320.796
       449   320.796
       450   320.796
       451   320.796
       452   320.796
       453   320.796
       454   320.796
       455   320.796
       456   320.796
       457   320.796
       458   320.796
       459   320.796
       460   320.796
       461   320.796
       462   320.796
       463   320.796
       464   320.796
       465   320.796
       466   320.796
       467   320.796
       468   320.796
       469   320.796
       470   320.796
       471   320.796
       472   320.796
       473   320.796
       474   320.796
       475   320.796
       476   320.796
       477   320.796
       478   320.796
       479   320.796
       480   320.796
       481   320.796
       482   320.796
       483   320.796
       484   320.796
       485   320.796
       486   320.796
       487   320.796
       488   320.796
       489   320.796
       490   320.796
       491   320.796
       492   320.796
       493   320.796
       494   320.796
       495   320.796
       496   320.796
       497   320.796
       498   320.796
       499   320.796
       500   320.796
       501   320.796
       502   320.796
       503   320.794
       504   320.638
       505   320.446
       506   320.446
       507   320.446
       508   320.446
       509   320.446
       510   320.446
       511   320.446
       512   320.446
       513   320.446
       514   320.436
       515   319.468
       516   317.843
       517   317.843
       518   317.843
       519   317.843
       520   317.837
       521   316.922
       522   316.222
       523   316.222
       524   316.222
       525   316.222
       526   316.222
       527   316.222
       528   316.222
       529   316.222
       530   316.222
       531   316.215
       532   315.319
       533    314.61
       534    314.61
       535    314.61
       536    314.61
       537    314.61
       538    314.61
       539    314.61
       540    314.61
       541    314.61
       542    314.61
       543    314.61
       544    314.61
       545    314.61
       546    314.61
       547    314.61
       548    314.61
       549    314.61
       550    314.61
       551    314.61
       552    314.61
       553    314.61
       554    314.61
       555    314.61
       556    314.61
       557    314.61
       558    314.61
       559    314.61
       560    314.61
       561    314.61
       562    314.61
       563    314.61
       564    314.61
       565    314.61
       566    314.61
       567    314.61
       568    314.61
       569    314.61
       570    314.61
       571    314.61
       572    314.61
       573    314.61
       574    314.61
       575    314.61
       576    314.61
       577    314.61
       578    314.61
       579    314.61
       580    314.61
       581    314.61
       582    314.61
       583    314.61
       584    314.61
       585    314.61
       586    314.61
       587    314.61
       588    314.61
       589    314.61
       590    314.61
       591    314.61
       592    314.61
       593    314.61
       594    314.61
       595    314.61
       596    314.61
       597    314.61
       598    314.61
       599    314.61
       600    314.61
       601    314.61
       602    314.61
       603    314.61
       604    314.61
       605    314.61
       606    314.61
       607    314.61
       608    314.61
       609    314.61
       610    314.61
       611    314.61
       612    314.61
       613    314.61
       614    314.61
       615    314.61
       616    314.61
       617    314.61
       618    314.61
       619    314.61
       620    314.61
       621    314.61
       622    314.61
       623    314.61
       624    314.61
       625    314.61
       626    314.61
       627    314.61
       628    314.61
       629    314.61
       630    314.61
       631    314.61
       632    314.61
       633    314.61
       634    314.61
       635    314.61
       636    314.61
       637    314.61
       638    314.61
       639    314.61
       640    314.61
       641    314.61
       642    314.61
       643    314.61
       644    314.61
       645    314.61
       646    314.61
       647    314.61
       648    314.61
       649    314.61
       650    314.61
       651    314.61
       652    314.61
       653    314.61
       654    314.61
       655    314.61
       656    314.61
       657    314.61
       658    314.61
       659    314.61
       660    314.61
       661    314.61
       662    314.61
       663    314.61
       664    314.61
       665    314.61
       666    314.61
       667    314.61
       668    314.61
       669    314.61
       670    314.61
       671    314.61
       672    314.61
       673    314.61
       674    314.61
       675    314.61
       676    314.61
       677    314.61
       678    314.61
       679    314.61
       680    314.61
       681    314.61
       682    314.61
       683    314.61
       684    314.61
       685    314.61
       686    314.61
       687    314.61
       688    314.61
       689    314.61
       690    314.61
       691    314.61
       692    314.61
       693    314.61
       694    314.61
       695    314.61
       696    314.61
       697    314.61
       698    314.61
       699    314.61
       700    314.61
       701    314.61
       702    314.61
       703    314.61
       704    314.61
       705    314.61
       706    314.61
       707    314.61
       708    314.61
       709    314.61
       710    314.61
       711    314.61
       712    314.61
       713    314.61
       714    314.61
       715    314.61
       716    314.61
       717    314.61
       718    314.61
       719    314.61
       720    314.61
       721    314.61
       722    314.61
       723    314.61
       724    314.61
       725    314.61
       726    314.61
       727    314.61
       728    314.61
       729    314.61
       730    314.61
       731    314.61
       732    314.61
       733    314.61
       734    314.61
       735    314.61
       736    314.61
       737    314.61
       738    314.61
       739    314.61
       740    314.61
       741    314.61
       742    314.61
       743    314.61
       744    314.61
       745    314.61
       746    314.61
       747    314.61
       748    314.61
       749    314.61
       750    314.61
       751    314.61
       752    314.61
       753    314.61
       754    314.61
       755    314.61
       756    314.61
       757    314.61
       758    314.61
       759    314.61
       760    314.61
       761    314.61
       762    314.61
       763    314.61
       764    314.61
       765    314.61
       766    314.61
       767    314.61
       768    314.61
       769    314.61
       770    314.61
       771    314.61
       772    314.61
       773    314.61
       774    314.61
       775    314.61
       776    314.61
       777    314.61
       778    314.61
       779    314.61
       780    314.61
       781    314.61
       782    314.61
       783    314.61
       784    314.61
       785    314.61
       786    314.61
       787    314.61
       788    314.61
       789    314.61
       790    314.61
       791    314.61
       792    314.61
       793    314.61
       794    314.61
       795    314.61
       796    314.61
       797    314.61
       798    314.61
       799    314.61
       800    314.61
       801    314.61
       802    314.61
       803    314.61
       804    314.61
       805    314.61
       806    314.61
       807    314.61
       808    314.61
       809    314.61
       810    314.61
       811    314.61
       812    314.61
       813    314.61
       814    314.61
       815    314.61
       816    314.61
       817    314.61
       818    314.61
       819    314.61
       820    314.61
       821    314.61
       822    314.61
       823    314.61
       824    314.61
       825    314.61
       826    314.61
       827    314.61
       828    314.61
       829    314.61
       830    314.61
       831    314.61
       832    314.61
       833    314.61
       834    314.61
       835    314.61
       836    314.61
       837    314.61
       838    314.61
       839    314.61
       840    314.61
       841    314.61
       842    314.61
       843    314.61
       844    314.61
       845    314.61
       846    314.61
       847    314.61
       848    314.61
       849    314.61
       850    314.61
       851    314.61
       852    314.61
       853    314.61
       854    314.61
       855    314.61
       856    314.61
       857    314.61
       858    314.61
       859    314.61
       860    314.61
       861    314.61
       862    314.61
       863    314.61
       864    314.61
       865    314.61
       866    314.61
       867    314.61
       868    314.61
       869    314.61
       870    314.61
       871    314.61
       872    314.61
       873    314.61
       874    314.61
       875    314.61
       876    314.61
       877    314.61
       878    314.61
       879    314.61
       880    314.61
       881    314.61
       882    314.61
       883    314.61
       884    314.61
       885    314.61
       886    314.61
       887    314.61
       888    314.61
       889    314.61
       890    314.61
       891    314.61
       892    314.61
       893    314.61
       894    314.61
       895    314.61
       896    314.61
       897    314.61
       898    314.61
       899    314.61
       900    314.61
       901    314.61
       902    314.61
       903    314.61
       904    314.61
       905    314.61
       906    314.61
       907    314.61
       908    314.61
       909    314.61
       910    314.61
       911    314.61
       912    314.61
       913   314.609
       914   314.487
       915   314.364
       916   314.364
       917   314.364
       918   314.364
       919   314.364
       920   314.364
       921   314.364
       922   314.364
       923   314.364
       924   314.364
       925   314.364
       926   314.364
       927   314.364
       928   314.364
       929   314.364
       930   314.364
       931   314.364
       932   314.364
       933   314.364
       934   314.364
       935   314.364
       936   314.364
       937   314.364
       938   314.364
       939   314.364
       940   314.364
       941   314.364
       942   314.364
       943   314.364
       944   314.364
       945   314.364
       946   314.364
       947   314.364
       948   314.364
       949   314.364
       950   314.364
       951   314.364
       952   314.364
       953   314.364
       954   314.364
       955   314.364
       956   314.364
       957   314.364
       958   314.364
       959   314.364
       960   314.364
       961   314.364
       962   314.364
       963   314.364
       964   314.364
       965   314.364
       966   314.364
       967   314.364
       968   314.364
       969   314.364
       970   314.364
       971   314.364
       972   314.364
       973   314.364
       974   314.364
       975   314.364
       976   314.364
       977   314.364
       978   314.364
       979   314.364
       980   314.364
       981   314.364
       982   314.364
       983   314.364
       984   314.364
       985   314.364
       986   314.364
       987   314.364
       988   314.364
       989   314.364
       990   314.364
       991   314.364
       992   314.364
       993   314.364
       994   314.364
       995   314.364
       996   314.364
       997   314.364
       998   314.364
       999   314.364
      1000   314.364
      1001   314.364
      1002   314.364
      1003   314.364
      1004   314.364
      1005   314.364
      1006   314.364
      1007   314.364
      1008   314.364
      1009   314.364
      1010   314.364
      1011   314.364
      1012   314.364
      1013   314.364
      1014   314.364
      1015   314.364
      1016   314.364
      1017   314.364
      1018   314.364
      1019   314.364
      1020   314.364
      1021   314.364
      1022   314.364
      1023   314.364
      1024   314.364
      1025   314.364
      1026   314.364
      1027   314.364
      1028   314.364
      1029   314.364
      1030   314.364
      1031   314.364
      1032   314.364
      1033   314.364
      1034   314.364
      1035   314.364
      1036   314.364
      1037   314.364
      1038   314.364
      1039   314.364
      1040   314.364
      1041   314.364
      1042   314.364
      1043   314.364
      1044   314.364
      1045   314.364
      1046   314.364
      1047   314.364
      1048   314.364
      1049   314.364
      1050   314.364
      1051   314.364
      1052   314.364
      1053   314.364
      1054   314.364
      1055   314.364
      1056   314.364
      1057   314.364
      1058   314.364
      1059   314.364
      1060   314.364
      1061   314.364
      1062   314.364
      1063   314.364
      1064   314.364
      1065   314.364
      1066   314.364
      1067   314.364
      1068   314.364
      1069   314.364
      1070   314.364
      1071   314.364
      1072   314.364
      1073   314.364
      1074   314.364
      1075   314.364
      1076   314.364
      1077   314.364
      1078   314.364
      1079   314.364
      1080   314.364
      1081   314.364
      1082   314.364
      1083   314.364
      1084   314.364
      1085   314.364
      1086   314.364
      1087   314.364
      1088   314.364
      1089   314.364
      1090   314.364
      1091   314.364
      1092   314.364
      1093   314.364
      1094   314.364
      1095   314.364
      1096   314.364
      1097   314.364
      1098   314.364
      1099   314.364
      1100   314.364
      1101   314.364
      1102   314.364
      1103   314.364
      1104   314.364
      1105   314.364
      1106   314.364
      1107   314.364
      1108   314.364
      1109   314.364
      1110   314.364
      1111   314.364
      1112   314.364
      1113   314.364
      1114   314.364
      1115   314.364
      1116   314.364
      1117   314.364
      1118   314.364
      1119   314.364
      1120   314.364
      1121   314.364
      1122   314.364
      1123   314.364
      1124   314.364
      1125   314.364
      1126   314.364
      1127   314.364
      1128   314.364
      1129   314.364
      1130   314.364
      1131   314.364
      1132   314.364
      1133   314.364
      1134   314.364
      1135   314.364
      1136   314.364
      1137   314.364
      1138   314.364
      1139   314.364
      1140   314.364
      1141   314.364
      1142   314.364
      1143   314.364
      1144   314.364
      1145   314.364
      1146   314.364
      1147   314.364
      1148   314.364
      1149   314.364
      1150   314.364
      1151   314.364
      1152   314.364
      1153   314.364
      1154   314.364
      1155   314.364
      1156   314.364
      1157   314.364
      1158   314.364
      1159   314.364
      1160   314.364
      1161   314.364
      1162   314.364
      1163   314.364
      1164   314.364
      1165   314.364
      1166   314.364
      1167   314.364
      1168   314.364
      1169   314.364
      1170   314.364
      1171   314.364
      1172   314.364
      1173   314.364
      1174   314.364
      1175   314.364
      1176   314.364
      1177   314.364
      1178   314.364
      1179   314.364
      1180   314.364
      1181   314.364
      1182   314.364
      1183   314.364
      1184   314.364
      1185   314.364
      1186   314.364
      1187   314.364
      1188   314.364
      1189   314.364
      1190   314.364
      1191   314.364
      1192   314.364
      1193   314.364
      1194   314.364
      1195   314.364
      1196   314.364
      1197   314.364
      1198   314.364
      1199   314.364
      1200   314.364
      1201   314.364
      1202   314.364
      1203   314.364
      1204   314.364
      1205   314.364
      1206   314.364
      1207   314.364
      1208   314.364
      1209   314.364
      1210   314.364
      1211   314.364
      1212   314.364
      1213   314.364
      1214   314.364
      1215   314.364
      1216   314.364
      1217   314.364
      1218   314.364
      1219   314.364
      1220   314.364
      1221   314.364
      1222   314.364
      1223   314.364
      1224   314.364
      1225   314.364
      1226   314.364
      1227   314.364
      1228   314.364
      1229   314.364
      1230   314.364
      1231   314.364
      1232   314.364
      1233   314.364
      1234   314.364
      1235   314.364
      1236   314.364
      1237   314.364
      1238   314.364
      1239   314.364
      1240   314.364
      1241   314.364
      1242   314.364
      1243   314.364
      1244   314.364
      1245   314.364
      1246   314.364
      1247   314.364
      1248   314.364
      1249   314.364
      1250   314.364
      1251   314.364
      1252   314.364
      1253   314.364
      1254   314.364
      1255   314.364
      1256   314.364
      1257   314.364
      1258   314.364
      1259   314.364
      1260   314.364
      1261   314.364
      1262   314.364
      1263   314.364
      1264   314.364
      1265   314.364
      1266   314.364
      1267   314.364
      1268   314.364
      1269   314.364
      1270   314.364
      1271   314.364
      1272   314.364
      1273   314.364
      1274   314.364
      1275   314.364
      1276   314.364
      1277   314.364
      1278   314.364
      1279   314.364
      1280   314.364
      1281   314.364
      1282   314.364
      1283   314.364
      1284   314.364
      1285   314.364
      1286   314.364
      1287   314.364
      1288   314.364
      1289   314.364
      1290   314.364
      1291   314.364
      1292   314.364
      1293   314.364
      1294   314.364
      1295   314.364
      1296   314.364
      1297   314.364
      1298   314.364
      1299   314.364
      1300   314.364
      1301   314.364
      1302   314.364
      1303   314.364
      1304   314.364
      1305   314.364
      1306   314.364
      1307   314.364
      1308   314.364
      1309   314.364
      1310   314.364
      1311   314.364
      1312   314.364
      1313   314.364
      1314   314.364
      1315   314.364
      1316   314.364
      1317   314.364
      1318   314.364
      1319   314.364
      1320   314.364
      1321   314.364
      1322   314.364
      1323   314.364
      1324   314.364
      1325   314.364
      1326   314.364
      1327   314.364
      1328   314.364
      1329   314.364
      1330   314.364
      1331   314.364
      1332   314.364
      1333   314.364
      1334   314.364
      1335   314.364
      1336   314.364
      1337   314.364
      1338   314.364
      1339   314.364
      1340   314.364
      1341   314.364
      1342   314.364
      1343   314.364
      1344   314.364
      1345   314.364
      1346   314.364
      1347   314.364
      1348   314.364
      1349   314.364
      1350   314.364
      1351   314.364
      1352   314.364
      1353   314.364
      1354   314.364
      1355   314.364
      1356   314.364
      1357   314.364
      1358   314.364
      1359   314.364
      1360   314.364
      1361   314.364
      1362   314.364
      1363   314.364
      1364   314.364
      1365   314.364
      1366   314.364
      1367   314.364
      1368   314.364
      1369   314.364
      1370   314.364
      1371   314.364
      1372   314.364
      1373   314.364
      1374   314.364
      1375   314.364
      1376   314.364
      1377   314.364
      1378   314.364
      1379   314.364
      1380   314.364
      1381   314.364
      1382   314.364
      1383   314.364
      1384   314.364
      1385   314.364
      1386   314.364
      1387   314.364
      1388   314.364
      1389   314.364
      1390   314.364
      1391   314.364
      1392   314.364
      1393   314.364
      1394   314.364
      1395   314.364
      1396   314.364
      1397   314.364
      1398   314.364
      1399   314.364
      1400   314.364
      1401   314.364
      1402   314.364
      1403   314.364
      1404   314.364
      1405   314.364
      1406   314.364
      1407   314.364
      1408   314.364
      1409   314.364
      1410   314.364
      1411   314.364
      1412   314.364
      1413   314.364
      1414   314.364
      1415   314.364
      1416   314.364
      1417   314.364
      1418   314.364
      1419   314.364
      1420   314.364
      1421   314.364
      1422   314.364
      1423   314.364
      1424   314.364
      1425   314.364
      1426   314.364
      1427   314.364
      1428   314.364
      1429   314.364
      1430   314.364
      1431   314.364
      1432   314.364
      1433   314.364
      1434   314.364
      1435   314.364
      1436   314.364
      1437   314.364
      1438   314.364
      1439   314.364
      1440   314.364
      1441   314.364
      1442   314.364
      1443   314.364
      1444   314.364
      1445   314.364
      1446   314.364
      1447   314.364
      1448   314.364
      1449   314.364
      1450   314.364
      1451   314.364
      1452   314.364
      1453   314.364
      1454   314.364
      1455   314.364
      1456   314.364
      1457   314.364
      1458   314.364
      1459   314.364
      1460   314.364
      1461   314.364
      1462   314.364
      1463   314.364
      1464   314.364
      1465   314.364
      1466   314.364
      1467   314.364
      1468   314.364
      1469   314.364
      1470   314.364
      1471   314.364
      1472   314.364
      1473   314.364
      1474   314.364
      1475   314.364
      1476   314.364
      1477   314.364
      1478   314.364
      1479   314.364
      1480   314.364
      1481   314.364
      1482   314.364
      1483   314.364
      1484   314.364
      1485   314.364
      1486   314.364
      1487   314.364
      1488   314.357
      1489    313.41
      1490    312.53
      1491    312.53
      1492    312.53
      1493    312.53
      1494    312.53
      1495    312.53
      1496    312.53
      1497    312.53
      1498    312.53
      1499    312.53
      1500    312.53
      1501    312.53
      1502    312.53
      1503    312.53
      1504    312.53
      1505    312.52
      1506   311.372
      1507   310.057
      1508   310.057
      1509   310.057
      1510   310.057
      1511   310.057
      1512   310.057
      1513   310.057
      1514   310.057
      1515   310.057
      1516   310.057
      1517   310.057
      1518   310.057
      1519   310.057
      1520   310.057
      1521   310.057
      1522   310.057
      1523   310.057
      1524   310.057
      1525   310.057
      1526   310.057
      1527   310.057
      1528   310.057
      1529   310.057
      1530   310.057
      1531   310.057
      1532   310.057
      1533   310.057
      1534   310.057
      1535   310.057
      1536   310.057
      1537   310.057
      1538   310.057
      1539   310.057
      1540   310.057
      1541   310.057
      1542   310.057
      1543   310.057
      1544   310.057
      1545   310.057
      1546   310.057
      1547   310.057
      1548   310.057
      1549   310.057
      1550   310.057
      1551   310.057
      1552   310.057
      1553   310.057
      1554   310.057
      1555   310.057
      1556   310.057
      1557   310.057
      1558   310.057
      1559   310.057
      1560   310.057
      1561   310.057
      1562   310.057
      1563   310.057
      1564   310.057
      1565   310.057
      1566   310.057
      1567   310.057
      1568   310.057
      1569   310.057
      1570   310.057
      1571   310.057
      1572   310.057
      1573   310.057
      1574   310.057
      1575   310.057
      1576   310.057
      1577   310.057
      1578   310.057
      1579   310.057
      1580   310.057
      1581   310.057
      1582   310.057
      1583   310.057
      1584   310.057
      1585   310.057
      1586   310.057
      1587   310.057
      1588   310.057
      1589   310.057
      1590   310.057
      1591   310.057
      1592   310.057
      1593   310.057
      1594   310.057
      1595   310.057
      1596   310.057
      1597   310.057
      1598   310.057
      1599   310.057
      1600   310.057
      1601   310.057
      1602   310.057
      1603   310.057
      1604   310.057
      1605   310.057
      1606   310.057
      1607   310.057
      1608   310.057
      1609   310.057
      1610   310.057
      1611   310.057
      1612   310.057
      1613   310.057
      1614   310.057
      1615   310.057
      1616   310.057
      1617   310.057
      1618   310.057
      1619   310.057
      1620   310.057
      1621   310.057
      1622   310.057
      1623   310.057
      1624   310.057
      1625   310.057
      1626   310.057
      1627   310.057
      1628   310.057
      1629   310.057
      1630   310.057
      1631   310.057
      1632   310.057
      1633   310.057
      1634   310.057
      1635   310.057
      1636   310.057
      1637   310.057
      1638   310.057
      1639   310.057
      1640   310.057
      1641   310.057
      1642   310.057
      1643   310.057
      1644   310.057
      1645   310.057
      1646   310.057
      1647   310.057
      1648   310.057
      1649   310.057
      1650   310.057
      1651   310.057
      1652   310.057
      1653   310.057
      1654   310.057
      1655   310.057
      1656   310.057
      1657   310.057
      1658   310.057
      1659   310.057
      1660   310.057
      1661   310.057
      1662   310.057
      1663   310.057
      1664   310.057
      1665   310.057
      1666   310.057
      1667   310.057
      1668   310.057
      1669   310.057
      1670   310.057
      1671   310.057
      1672   310.057
      1673   310.057
      1674   310.057
      1675   310.057
      1676   310.057
      1677   310.057
      1678   310.057
      1679   310.057
      1680   310.057
      1681   310.057
      1682   310.057
      1683   310.057
      1684   310.057
      1685   310.057
      1686   310.057
      1687   310.057
      1688   310.057
      1689   310.057
      1690   310.057
      1691   310.057
      1692   310.057
      1693   310.057
      1694   310.057
      1695   310.057
      1696   310.057
      1697   310.057
      1698   310.057
      1699   310.057
      1700   310.057
      1701   310.057
      1702   310.057
      1703   310.057
      1704   310.057
      1705   310.057
      1706   310.057
      1707   310.057
      1708   310.057
      1709   310.057
      1710   310.057
      1711   310.057
      1712   310.057
      1713   310.057
      1714   310.057
      1715   310.057
      1716   310.057
      1717   310.057
      1718   310.057
      1719   310.057
      1720   310.057
      1721   310.057
      1722   310.057
      1723   310.057
      1724   310.057
      1725   310.057
      1726   310.057
      1727   310.057
      1728   310.057
      1729   310.057
      1730   310.057
      1731   310.057
      1732   310.057
      1733   310.057
      1734   310.057
      1735   310.057
      1736   310.057
      1737   310.057
      1738   310.057
      1739   310.057
      1740   310.057
      1741   310.057
      1742   310.057
      1743   310.057
      1744   310.057
      1745   310.057
      1746   310.057
      1747   310.057
      1748   310.057
      1749   310.057
      1750   310.057
      1751   310.057
      1752   310.057
      1753   310.057
      1754   310.057
      1755   310.051
      1756   310.045
      1757   310.045
      1758   310.045
      1759   310.045
      1760   310.045
      1761   310.045
      1762   310.045
      1763   310.045
      1764   310.045
      1765   310.045
      1766   310.045
      1767   310.045
      1768   310.045
      1769   310.045
      1770   310.045
      1771   310.045
      1772   310.045
      1773   310.045
      1774   310.045
      1775   310.045
      1776   310.045
      1777   310.045
      1778   310.045
      1779   310.045
      1780   310.045
      1781   310.045
      1782   310.045
      1783   310.045
      1784   310.045
      1785    310.04
      1786   309.714
      1787   308.447
      1788   308.237
      1789   308.237
      1790   308.237
      1791   308.237
      1792   308.237
      1793   308.237
      1794   308.237
      1795   308.237
      1796   308.237
      1797   308.237
      1798   308.237
      1799   308.237
      1800   308.237
      1801   308.237
      1802   308.237
      1803   308.237
      1804   308.237
      1805   308.227
      1806   308.173
      1807   308.161
      1808   308.161
      1809   308.161
      1810   308.161
      1811   308.161
      1812   308.161
      1813   308.161
      1814   308.161
      1815   308.161
      1816   308.161
      1817   308.161
      1818   308.161
      1819   308.161
      1820   308.161
      1821   308.161
      1822   308.161
      1823   308.161
      1824   308.161
      1825   308.161
      1826   308.161
      1827   308.161
      1828   308.161
      1829   308.161
      1830   308.161
      1831   308.161
      1832   308.161
      1833   308.161
      1834   308.161
      1835   308.161
      1836   308.161
      1837   308.161
      1838   308.161
      1839   308.161
      1840   308.161
      1841   308.161
      1842   308.161
      1843   308.161
      1844   308.161
      1845   308.161
      1846   308.161
      1847   308.161
      1848   308.161
      1849   308.161
      1850   308.161
      1851   308.161
      1852   308.161
      1853   308.161
      1854   308.161
      1855   308.161
      1856   308.161
      1857   308.161
      1858   308.161
      1859   308.161
      1860   308.161
      1861   308.161
      1862   308.161
      1863   308.161
      1864   308.161
      1865   308.161
      1866   308.161
      1867   308.161
      1868   308.161
      1869   308.161
      1870   308.161
      1871   308.161
      1872   308.161
      1873   308.161
      1874   308.161
      1875   308.161
      1876   308.161
      1877   308.161
      1878   308.161
      1879   308.161
      1880   308.161
      1881   308.161
      1882   308.161
      1883   308.161
      1884   308.161
      1885   308.161
      1886   308.161
      1887   308.161
      1888   308.161
      1889   308.161
      1890   308.161
      1891   308.161
      1892   308.161
      1893   308.161
      1894   308.161
      1895   308.161
      1896   308.161
      1897   308.161
      1898   308.161
      1899   308.161
      1900   308.161
      1901   308.161
      1902   308.161
      1903   308.161
      1904   308.161
      1905   308.161
      1906   308.161
      1907   308.148
      1908   308.112
      1909   308.112
      1910   308.112
      1911   308.112
      1912   308.112
      1913   308.112
      1914   308.112
      1915   308.112
      1916   308.112
      1917   308.112
      1918   308.112
      1919   308.112
      1920   308.112
      1921   308.112
      1922   308.112
      1923   308.112
      1924   308.112
      1925   308.112
      1926   308.112
      1927   308.112
      1928   308.112
      1929   308.112
      1930   308.112
      1931   308.112
      1932   308.112
      1933   308.112
      1934   308.112
      1935   308.112
      1936   308.112
      1937   308.112
      1938   308.112
      1939   308.112
      1940   308.112
      1941   308.112
      1942   308.112
      1943   308.112
      1944   308.112
      1945   308.112
      1946   308.112
      1947   308.112
      1948   308.112
      1949   308.112
      1950   308.112
      1951   308.112
      1952   308.112
      1953   308.112
      1954   308.112
      1955   308.112
      1956   308.112
      1957   308.112
      1958   308.112
      1959   308.112
      1960   308.112
      1961   308.112
      1962   308.112
      1963   308.112
      1964   308.112
      1965   308.112
      1966   308.112
      1967   308.112
      1968   308.112
      1969   308.112
      1970   308.112
      1971   308.112
      1972   308.112
      1973   308.112
      1974   308.112
      1975   308.112
      1976   308.112
      1977   308.112
      1978   308.112
      1979   308.112
      1980   308.112
      1981   308.112
      1982   308.112
      1983   308.112
      1984   308.112
      1985   308.112
      1986   308.112
      1987   308.112
      1988   308.112
      1989   308.112
      1990   308.112
      1991   308.112
      1992   308.112
      1993   308.112
      1994   308.103
      1995   308.068
      1996   308.065
      1997   308.065
      1998   308.065
      1999   308.065
