         0   921.414
         1   817.034
         2    766.38
         3   728.116
         4   690.711
         5   659.309
         6   642.846
         7   619.242
         8   583.991
         9   549.534
        10   531.787
        11   518.014
        12   507.799
        13   498.314
        14   486.859
        15   484.051
        16   471.894
        17   465.849
        18   460.892
        19   458.859
        20   456.671
        21   452.529
        22   449.429
        23   446.479
        24   446.007
        25   445.504
        26   444.785
        27   443.234
        28   440.522
        29   431.997
        30   425.349
        31   418.221
        32   405.524
        33   399.232
        34   399.232
        35   399.222
        36   398.064
        37   396.594
        38   395.844
        39   394.554
        40   388.663
        41   384.701
        42   381.545
        43   381.528
        44   380.096
        45   376.915
        46   376.548
        47   376.548
        48   376.548
        49   376.548
        50   376.548
        51   376.539
        52   375.563
        53   374.366
        54   374.026
        55   373.262
        56   373.108
        57   373.054
        58   373.047
        59   372.235
        60   370.786
        61    369.12
        62   367.383
        63   366.813
        64    366.78
        65   363.571
        66   354.767
        67   351.933
        68   351.924
        69   351.913
        70   351.017
        71   349.105
        72   349.093
        73   349.093
        74   349.093
        75   349.093
        76   349.093
        77   349.093
        78   349.093
        79   349.093
        80   349.093
        81   349.088
        82   348.511
        83   347.183
        84   345.644
        85   345.633
        86   345.467
        87   345.318
        88   345.318
        89   345.318
        90   345.318
        91   345.317
        92   345.206
        93    344.31
        94   342.344
        95   341.837
        96   341.837
        97   341.837
        98   341.836
        99   341.761
       100   341.579
       101   341.579
       102   341.568
       103    340.44
       104   335.336
       105   331.875
       106   331.537
       107   330.458
       108   329.729
       109   329.729
       110   329.729
       111   329.729
       112   329.729
       113   329.729
       114   329.729
       115   329.729
       116   329.729
       117   329.729
       118   329.729
       119   329.729
       120   329.729
       121   329.729
       122   329.729
       123   329.729
       124   329.729
       125   329.729
       126   329.729
       127   329.729
       128   329.729
       129   329.729
       130   329.729
       131   329.729
       132   329.729
       133   329.729
       134   329.729
       135   329.729
       136   329.729
       137   329.729
       138   329.729
       139   329.729
       140   329.729
       141   329.729
       142   329.729
       143   329.729
       144   329.729
       145   329.729
       146   329.708
       147   327.062
       148   324.491
       149    324.47
       150   324.446
       151   324.446
       152   324.446
       153   324.446
       154   324.446
       155   324.446
       156   324.446
       157   324.446
       158   324.446
       159   324.446
       160   324.442
       161   323.768
       162   320.483
       163   317.421
       164   316.295
       165   316.295
       166   316.295
       167   316.295
       168   316.295
       169   316.295
       170   316.295
       171   316.295
       172   316.295
       173   316.295
       174   316.295
       175   316.295
       176   316.295
       177   316.295
       178   316.295
       179   316.295
       180   316.295
       181   316.295
       182   316.295
       183   316.295
       184   316.295
       185   316.295
       186   316.295
       187   316.295
       188   316.295
       189   316.295
       190   316.295
       191   316.295
       192   316.295
       193   316.295
       194   316.295
       195   316.295
       196   316.295
       197   316.295
       198   316.295
       199   316.295
       200   316.295
       201   316.295
       202   316.295
       203   316.295
       204   316.295
       205   316.295
       206   316.295
       207   316.295
       208   316.295
       209   316.295
       210   316.295
       211   316.295
       212   316.295
       213   316.295
       214   316.282
       215   314.515
       216   313.183
       217   313.183
       218   313.183
       219   313.183
       220   313.183
       221   313.183
       222   313.183
       223   313.183
       224   313.183
       225   313.183
       226   313.183
       227   313.183
       228   313.183
       229   313.183
       230   313.183
       231   313.183
       232   313.183
       233   313.183
       234   313.183
       235   313.183
       236   313.183
       237   313.183
       238   313.183
       239   313.183
       240   313.183
       241   313.183
       242   313.183
       243   313.183
       244   313.172
       245   311.932
       246   310.534
       247   310.534
       248   310.534
       249   310.534
       250   310.534
       251   310.534
       252   310.534
       253   310.534
       254   310.534
       255   310.534
       256   310.534
       257   310.534
       258   310.534
       259   310.534
       260   310.534
       261   310.534
       262   310.534
       263   310.534
       264   310.534
       265   310.534
       266   310.534
       267   310.534
       268   310.534
       269   310.534
       270   310.534
       271   310.534
       272   310.534
       273   310.534
       274   310.534
       275   310.534
       276   310.534
       277   310.534
       278   310.534
       279   310.534
       280   310.534
       281   310.534
       282   310.534
       283   310.534
       284   310.534
       285   310.528
       286   310.154
       287   309.113
       288   309.086
       289   305.188
       290   302.292
       291   302.274
       292   302.274
       293   302.274
       294   302.274
       295   302.274
       296   302.274
       297   302.274
       298   302.274
       299   302.274
       300   302.274
       301   302.274
       302   302.274
       303   302.274
       304   302.274
       305   302.274
       306   302.274
       307   302.274
       308   302.265
       309   301.152
       310   299.781
       311   299.714
       312   299.714
       313   299.714
       314   299.714
       315   299.714
       316   299.714
       317   299.714
       318   299.714
       319   299.714
       320   299.714
       321   299.714
       322   299.714
       323   299.714
       324   299.714
       325   299.714
       326   299.714
       327   299.714
       328   299.714
       329   299.714
       330   299.714
       331   299.714
       332   299.714
       333   299.714
       334   299.714
       335   299.714
       336   299.714
       337   299.714
       338   299.714
       339   299.714
       340   299.714
       341   299.714
       342   299.714
       343   299.714
       344   299.714
       345   299.714
       346   299.714
       347   299.714
       348   299.714
       349   299.714
       350   299.714
       351   299.714
       352   299.714
       353   299.714
       354   299.714
       355   299.714
       356   299.714
       357   299.714
       358   299.714
       359   299.714
       360   299.714
       361   299.714
       362   299.714
       363   299.714
       364   299.714
       365   299.714
       366   299.714
       367   299.714
       368   299.714
       369   299.714
       370   299.714
       371   299.714
       372   299.714
       373   299.714
       374   299.714
       375   299.714
       376   299.714
       377   299.714
       378   299.714
       379   299.714
       380   299.714
       381   299.714
       382   299.714
       383   299.714
       384   299.714
       385   299.714
       386   299.714
       387   299.714
       388   299.714
       389   299.714
       390   299.714
       391   299.714
       392   299.711
       393   299.408
       394   299.067
       395   299.067
       396   299.067
       397   299.067
       398   299.067
       399   299.067
       400   299.067
       401   299.067
       402   299.067
       403   299.067
       404   299.067
       405   299.067
       406   299.067
       407   299.067
       408   299.067
       409   299.067
       410   299.067
       411   299.067
       412   299.067
       413   299.067
       414   299.067
       415   299.067
       416   299.067
       417   299.067
       418   299.067
       419   299.067
       420   299.067
       421   299.067
       422   299.067
       423   299.067
       424   299.067
       425   299.067
       426   299.067
       427   299.067
       428   299.067
       429   299.067
       430   299.067
       431   299.067
       432   299.067
       433   299.067
       434   299.067
       435   299.067
       436   299.067
       437   299.067
       438   299.067
       439   299.067
       440   299.067
       441   299.067
       442   299.067
       443   299.067
       444   299.067
       445   299.067
       446   299.067
       447   299.067
       448   299.067
       449   299.067
       450   299.067
       451   299.067
       452   299.067
       453   299.067
       454   299.067
       455   299.067
       456   299.067
       457   299.067
       458   299.067
       459   299.067
       460   299.067
       461   299.067
       462   299.067
       463   299.067
       464   299.067
       465   299.067
       466   299.067
       467   299.067
       468   299.067
       469   299.067
       470   299.067
       471   299.067
       472   299.067
       473   299.067
       474   299.067
       475   299.067
       476   299.067
       477   299.067
       478   299.067
       479   299.067
       480   299.067
       481   299.067
       482   299.067
       483   299.067
       484   299.067
       485   299.067
       486   299.067
       487   299.067
       488   299.067
       489   299.067
       490   299.067
       491   299.067
       492   299.067
       493   299.067
       494   299.067
       495   299.067
       496   299.067
       497   299.067
       498   299.067
       499   299.067
       500   299.067
       501   299.067
       502   299.067
       503   299.067
       504   299.067
       505   299.067
       506   299.067
       507   299.067
       508   299.067
       509   299.067
       510   299.067
       511   299.067
       512   299.067
       513   299.067
       514   299.067
       515   299.067
       516   299.067
       517   299.067
       518   299.067
       519   299.067
       520   299.067
       521   299.067
       522   299.067
       523   299.067
       524   299.067
       525   299.067
       526   299.067
       527   299.067
       528   299.067
       529   299.067
       530   299.067
       531   299.067
       532   299.067
       533   299.067
       534   299.067
       535   299.067
       536   299.067
       537   299.067
       538   299.067
       539   299.067
       540   299.067
       541   299.067
       542   299.067
       543   299.067
       544   299.067
       545   299.067
       546   299.067
       547   299.067
       548   299.067
       549   299.067
       550   299.067
       551   299.067
       552   299.067
       553   299.067
       554   299.067
       555   299.067
       556   299.067
       557   299.067
       558   299.067
       559   299.067
       560   299.067
       561   299.067
       562   299.067
       563   299.067
       564   299.067
       565   299.067
       566   299.067
       567   299.067
       568   299.067
       569   299.067
       570   299.067
       571   299.067
       572   299.067
       573   299.067
       574   299.067
       575   299.067
       576   299.067
       577   299.067
       578   299.067
       579   299.067
       580   299.067
       581   299.067
       582   299.067
       583   299.067
       584   299.067
       585   299.067
       586   299.067
       587   299.067
       588   299.067
       589   299.067
       590   299.067
       591   299.067
       592   299.067
       593   299.067
       594   299.067
       595   299.067
       596   299.067
       597   299.067
       598   299.067
       599   299.067
       600   299.067
       601   299.067
       602   299.067
       603   299.067
       604   299.067
       605   299.067
       606   299.067
       607   299.067
       608   299.067
       609   299.067
       610   299.067
       611   299.067
       612   299.067
       613   299.067
       614   299.067
       615   299.067
       616   299.067
       617   299.067
       618   299.067
       619   299.067
       620   299.067
       621   299.067
       622   299.067
       623   299.067
       624   299.067
       625   299.067
       626   299.067
       627   299.067
       628   299.067
       629   299.067
       630   299.067
       631   299.067
       632   299.067
       633   299.067
       634   299.067
       635   299.067
       636   299.067
       637   299.067
       638   299.067
       639   299.067
       640   299.067
       641   299.067
       642   299.067
       643   299.067
       644   299.067
       645   299.067
       646   299.067
       647   299.067
       648   299.067
       649   299.067
       650   299.067
       651   299.067
       652   299.067
       653   299.067
       654   299.067
       655   299.067
       656   299.067
       657   299.067
       658   299.067
       659   299.067
       660   299.067
       661   299.067
       662   299.067
       663   299.067
       664   299.067
       665   299.067
       666   299.067
       667   299.067
       668   299.067
       669   299.067
       670   299.067
       671   299.067
       672   299.067
       673   299.067
       674   299.067
       675   299.067
       676   299.067
       677   299.067
       678   299.067
       679   299.067
       680   299.067
       681   299.067
       682   299.067
       683   299.067
       684   299.067
       685   299.067
       686   299.067
       687   299.067
       688   299.067
       689   299.067
       690   299.067
       691   299.067
       692   299.067
       693   299.067
       694   299.067
       695   299.067
       696   299.067
       697   299.067
       698   299.067
       699   299.067
       700   299.067
       701   299.067
       702   299.067
       703   299.067
       704   299.067
       705   299.067
       706   299.067
       707   299.067
       708   299.067
       709   299.067
       710   299.067
       711   299.067
       712   299.067
       713   299.067
       714   299.067
       715   299.067
       716   299.067
       717   299.067
       718   299.067
       719   299.067
       720   299.067
       721   299.067
       722   299.067
       723   299.067
       724   299.067
       725   299.067
       726   299.067
       727   299.067
       728   299.067
       729   299.067
       730   299.067
       731   299.067
       732   299.067
       733   299.067
       734   299.067
       735   299.067
       736   299.067
       737   299.067
       738   299.067
       739   299.067
       740   299.067
       741   299.067
       742   299.067
       743   299.067
       744   299.067
       745   299.067
       746   299.067
       747   299.067
       748   299.067
       749   299.067
       750   299.067
       751   299.067
       752   299.067
       753   299.067
       754   299.067
       755   299.067
       756   299.067
       757   299.067
       758   299.067
       759   299.067
       760   299.067
       761   299.067
       762   299.067
       763   299.067
       764   299.067
       765   299.067
       766   299.067
       767   299.067
       768   299.067
       769   299.067
       770   299.067
       771   299.067
       772   299.067
       773   299.067
       774   299.067
       775   299.067
       776   299.067
       777   299.067
       778   299.067
       779   299.067
       780   299.067
       781   299.067
       782   299.067
       783   299.067
       784   299.067
       785   299.067
       786   299.067
       787   299.067
       788   299.067
       789   299.067
       790   299.067
       791   299.067
       792   299.067
       793   299.067
       794   299.067
       795   299.067
       796   299.067
       797   299.067
       798   299.067
       799   299.067
       800   299.067
       801   299.067
       802   299.067
       803   299.067
       804   299.067
       805   299.067
       806   299.067
       807   299.067
       808   299.067
       809   299.067
       810   299.067
       811   299.067
       812   299.067
       813   299.067
       814   299.067
       815   299.067
       816   299.067
       817   299.067
       818   299.067
       819   299.067
       820   299.067
       821   299.067
       822   299.067
       823   299.064
       824   298.743
       825   298.398
       826   298.398
       827   298.398
       828   298.398
       829   298.398
       830   298.398
       831   298.398
       832   298.389
       833   297.674
       834   296.048
       835   296.048
       836   296.048
       837   296.048
       838   296.048
       839   296.048
       840   296.048
       841   296.048
       842   296.048
       843   296.048
       844   296.048
       845   296.048
       846   296.048
       847   296.048
       848   296.048
       849   296.048
       850   296.048
       851   296.048
       852   296.048
       853   296.048
       854   296.048
       855   296.048
       856   296.048
       857   296.048
       858   296.048
       859   296.048
       860   296.048
       861   296.048
       862   296.048
       863   296.048
       864   296.048
       865   296.048
       866   296.048
       867   296.048
       868   296.048
       869   296.048
       870   296.048
       871   296.048
       872   296.048
       873   296.048
       874   296.048
       875   296.048
       876   296.048
       877   296.048
       878   296.048
       879   296.048
       880   296.048
       881   296.048
       882   296.048
       883   296.048
       884   296.048
       885   296.048
       886   296.048
       887   296.048
       888   296.048
       889   296.048
       890   296.048
       891   296.048
       892   296.048
       893   296.048
       894   296.048
       895   296.048
       896   296.048
       897   296.048
       898   296.048
       899   296.048
       900   296.048
       901   296.048
       902   296.048
       903   296.048
       904   296.048
       905   296.048
       906   296.048
       907   296.048
       908   296.048
       909   296.048
       910   296.048
       911   296.048
       912   296.048
       913   296.048
       914   296.048
       915   296.048
       916   296.048
       917   296.048
       918   296.048
       919   296.048
       920   296.048
       921   296.048
       922   296.048
       923   296.048
       924   296.048
       925   296.048
       926   296.048
       927   296.048
       928   296.048
       929   296.048
       930   296.048
       931   296.048
       932   296.048
       933   296.048
       934   296.048
       935   296.048
       936   296.048
       937   296.048
       938   296.048
       939   296.048
       940   296.048
       941   296.048
       942   296.048
       943   296.048
       944   296.048
       945   296.048
       946   296.048
       947   296.048
       948   296.048
       949   296.048
       950   296.048
       951   296.048
       952   296.048
       953   296.048
       954   296.048
       955   296.048
       956   296.048
       957   296.048
       958   296.048
       959   296.048
       960   296.048
       961   296.048
       962   296.048
       963   296.048
       964   296.048
       965   296.048
       966   296.048
       967   296.048
       968   296.048
       969   296.048
       970   296.048
       971   296.048
       972   296.048
       973   296.048
       974   296.048
       975   296.048
       976   296.048
       977   296.048
       978   296.048
       979   296.048
       980   296.048
       981   296.048
       982   296.048
       983   296.048
       984   296.048
       985   296.048
       986   296.048
       987   296.048
       988   296.048
       989   296.048
       990   296.048
       991   296.048
       992   296.048
       993   296.048
       994   296.048
       995   296.048
       996   296.048
       997   296.048
       998   296.048
       999   296.048
      1000   296.048
      1001   296.048
      1002   296.048
      1003   296.048
      1004   296.048
      1005   296.048
      1006   296.048
      1007   296.048
      1008   296.048
      1009   296.048
      1010   296.048
      1011   296.048
      1012   296.048
      1013   296.048
      1014   296.048
      1015   296.048
      1016   296.048
      1017   296.048
      1018   296.048
      1019   296.048
      1020   296.048
      1021   296.048
      1022   296.048
      1023   296.048
      1024   296.048
      1025   296.048
      1026   296.048
      1027   296.048
      1028   296.048
      1029   296.048
      1030   296.048
      1031   296.048
      1032   296.048
      1033   296.048
      1034   296.048
      1035   296.048
      1036   296.048
      1037   296.048
      1038   296.048
      1039   296.048
      1040   296.048
      1041   296.048
      1042   296.048
      1043   296.048
      1044   296.048
      1045   296.048
      1046   296.048
      1047   296.048
      1048   296.048
      1049   296.048
      1050   296.048
      1051   296.048
      1052   296.048
      1053   296.048
      1054   296.048
      1055   296.048
      1056   296.048
      1057   296.048
      1058   296.048
      1059   296.048
      1060   296.048
      1061   296.048
      1062   296.048
      1063   296.048
      1064   296.048
      1065   296.048
      1066   296.048
      1067   296.048
      1068   296.048
      1069   296.048
      1070   296.048
      1071   296.048
      1072   296.048
      1073   296.048
      1074   296.048
      1075   296.048
      1076   296.048
      1077   296.048
      1078   296.048
      1079   296.048
      1080   296.048
      1081   296.048
      1082   296.048
      1083   296.048
      1084   296.048
      1085   296.048
      1086   296.048
      1087   296.048
      1088   296.048
      1089   296.048
      1090   296.048
      1091   296.048
      1092   296.048
      1093   296.048
      1094   296.048
      1095   296.048
      1096   296.048
      1097   296.048
      1098   296.048
      1099   296.048
      1100   296.048
      1101   296.048
      1102   296.048
      1103   296.048
      1104   296.048
      1105   296.048
      1106   296.048
      1107   296.048
      1108   296.048
      1109   296.048
      1110   296.048
      1111   296.048
      1112   296.048
      1113   296.048
      1114   296.048
      1115   296.048
      1116   296.048
      1117   296.048
      1118   296.048
      1119   296.048
      1120   296.048
      1121   296.048
      1122   296.048
      1123   296.048
      1124   296.048
      1125   296.048
      1126   296.048
      1127   296.048
      1128   296.048
      1129   296.048
      1130   296.048
      1131   296.048
      1132   296.048
      1133   296.048
      1134   296.048
      1135   296.048
      1136   296.048
      1137   296.048
      1138   296.048
      1139   296.048
      1140   296.048
      1141   296.048
      1142   296.048
      1143   296.048
      1144   296.048
      1145   296.048
      1146   296.048
      1147   296.048
      1148   296.048
      1149   296.048
      1150   296.048
      1151   296.048
      1152   296.048
      1153   296.048
      1154   296.048
      1155   296.048
      1156   296.048
      1157   296.048
      1158   296.048
      1159   296.048
      1160   296.048
      1161   296.048
      1162   296.048
      1163   296.048
      1164   296.048
      1165   296.048
      1166   296.048
      1167   296.048
      1168   296.048
      1169   296.048
      1170   296.048
      1171   296.048
      1172   296.048
      1173   296.048
      1174   296.048
      1175   296.048
      1176   296.048
      1177   296.048
      1178   296.048
      1179   296.048
      1180   296.048
      1181   296.048
      1182   296.048
      1183   296.048
      1184   296.048
      1185   296.048
      1186   296.048
      1187   296.048
      1188   296.048
      1189   296.048
      1190   296.048
      1191   296.048
      1192   296.048
      1193   296.048
      1194   296.048
      1195   296.048
      1196   296.048
      1197   296.048
      1198   296.048
      1199   296.048
      1200   296.048
      1201   296.048
      1202   296.048
      1203   296.048
      1204   296.048
      1205   296.048
      1206   296.048
      1207   296.048
      1208   296.048
      1209   296.048
      1210   296.048
      1211   296.048
      1212   296.048
      1213   296.048
      1214   296.048
      1215   296.048
      1216   296.048
      1217   296.048
      1218   296.048
      1219   296.048
      1220   296.048
      1221   296.048
      1222   296.048
      1223   296.048
      1224   296.048
      1225   296.048
      1226   296.048
      1227   296.048
      1228   296.048
      1229   296.048
      1230   296.048
      1231   296.048
      1232   296.048
      1233   296.048
      1234   296.048
      1235   296.048
      1236   296.048
      1237   296.048
      1238   296.048
      1239   296.048
      1240   296.048
      1241   296.048
      1242   296.048
      1243   296.048
      1244   296.048
      1245   296.048
      1246   296.048
      1247   296.048
      1248   296.048
      1249   296.048
      1250   296.048
      1251   296.048
      1252   296.048
      1253   296.048
      1254   296.048
      1255   296.048
      1256   296.048
      1257   296.048
      1258   296.048
      1259   296.048
      1260   296.048
      1261   296.048
      1262   296.048
      1263   296.048
      1264   296.048
      1265   296.048
      1266   296.048
      1267   296.048
      1268   296.048
      1269   296.048
      1270   296.048
      1271   296.048
      1272   296.048
      1273   296.048
      1274   296.048
      1275   296.048
      1276   296.048
      1277   296.048
      1278   296.048
      1279   296.048
      1280   296.048
      1281   296.048
      1282   296.048
      1283   296.048
      1284   296.048
      1285   296.048
      1286   296.048
      1287   296.048
      1288   296.048
      1289   296.048
      1290   296.048
      1291   296.048
      1292   296.048
      1293   296.048
      1294   296.048
      1295   296.048
      1296   296.048
      1297   296.048
      1298   296.048
      1299   296.048
      1300   296.048
      1301   296.048
      1302   296.048
      1303   296.048
      1304   296.048
      1305   296.048
      1306   296.048
      1307   296.048
      1308   296.048
      1309   296.048
      1310   296.048
      1311   296.048
      1312   296.048
      1313   296.048
      1314   296.048
      1315   296.048
      1316   296.048
      1317   296.048
      1318   296.048
      1319   296.033
      1320   294.232
      1321   292.264
      1322   292.264
      1323   292.264
      1324   292.264
      1325   292.264
      1326   292.264
      1327   292.264
      1328   292.264
      1329   292.264
      1330   292.264
      1331   292.264
      1332   292.264
      1333   292.264
      1334   292.264
      1335   292.264
      1336   292.264
      1337   292.264
      1338   292.264
      1339   292.264
      1340   292.264
      1341   292.264
      1342   292.264
      1343   292.264
      1344   292.264
      1345   292.264
      1346   292.264
      1347   292.264
      1348   292.264
      1349   292.264
      1350   292.264
      1351   292.264
      1352   292.264
      1353   292.264
      1354   292.264
      1355   292.264
      1356   292.264
      1357   292.264
      1358   292.264
      1359   292.264
      1360   292.264
      1361   292.264
      1362   292.264
      1363   292.264
      1364   292.264
      1365   292.264
      1366   292.264
      1367   292.264
      1368   292.264
      1369   292.264
      1370   292.264
      1371   292.264
      1372   292.264
      1373   292.264
      1374   292.264
      1375   292.264
      1376   292.264
      1377   292.264
      1378   292.264
      1379   292.264
      1380   292.264
      1381   292.264
      1382   292.264
      1383   292.264
      1384   292.264
      1385   292.264
      1386   292.264
      1387   292.264
      1388   292.264
      1389   292.264
      1390   292.264
      1391   292.264
      1392   292.264
      1393   292.264
      1394   292.264
      1395   292.264
      1396   292.264
      1397   292.264
      1398   292.264
      1399   292.264
      1400   292.264
      1401   292.264
      1402   292.264
      1403   292.264
      1404   292.264
      1405   292.264
      1406   292.264
      1407   292.264
      1408   292.264
      1409   292.264
      1410   292.264
      1411   292.264
      1412   292.264
      1413   292.264
      1414   292.264
      1415   292.264
      1416   292.264
      1417   292.264
      1418   292.264
      1419   292.264
      1420   292.264
      1421   292.264
      1422   292.264
      1423   292.264
      1424   292.264
      1425   292.264
      1426   292.264
      1427   292.264
      1428   292.264
      1429   292.264
      1430   292.264
      1431   292.264
      1432   292.264
      1433   292.264
      1434   292.264
      1435   292.264
      1436   292.264
      1437   292.264
      1438   292.264
      1439   292.264
      1440   292.264
      1441   292.264
      1442   292.264
      1443   292.264
      1444   292.264
      1445   292.264
      1446   292.264
      1447   292.264
      1448   292.264
      1449   292.264
      1450   292.264
      1451   292.264
      1452   292.264
      1453   292.264
      1454   292.264
      1455   292.264
      1456   292.264
      1457   292.264
      1458   292.264
      1459   292.264
      1460   292.264
      1461   292.264
      1462   292.264
      1463   292.264
      1464   292.264
      1465   292.264
      1466   292.264
      1467   292.264
      1468   292.264
      1469   292.264
      1470   292.264
      1471   292.264
      1472   292.264
      1473   292.264
      1474   292.264
      1475   292.264
      1476   292.264
      1477   292.264
      1478   292.264
      1479   292.264
      1480   292.264
      1481   292.264
      1482   292.264
      1483   292.264
      1484   292.264
      1485   292.264
      1486   292.264
      1487   292.264
      1488   292.264
      1489   292.264
      1490   292.264
      1491   292.264
      1492   292.264
      1493   292.264
      1494   292.264
      1495   292.264
      1496   292.264
      1497   292.264
      1498   292.264
      1499   292.264
      1500   292.264
      1501   292.264
      1502   292.264
      1503   292.264
      1504   292.264
      1505   292.264
      1506   292.264
      1507   292.264
      1508   292.264
      1509   292.264
      1510   292.264
      1511   292.264
      1512   292.264
      1513   292.264
      1514   292.264
      1515   292.264
      1516   292.264
      1517   292.264
      1518   292.264
      1519   292.264
      1520   292.264
      1521   292.264
      1522   292.264
      1523   292.264
      1524   292.264
      1525   292.264
      1526   292.264
      1527   292.264
      1528   292.264
      1529   292.264
      1530   292.264
      1531   292.264
      1532   292.264
      1533   292.264
      1534   292.264
      1535   292.264
      1536   292.264
      1537   292.264
      1538   292.264
      1539   292.264
      1540   292.264
      1541   292.264
      1542   292.264
      1543   292.264
      1544   292.264
      1545   292.264
      1546   292.264
      1547   292.264
      1548   292.264
      1549   292.264
      1550   292.264
      1551   292.264
      1552   292.264
      1553   292.264
      1554   292.264
      1555   292.264
      1556   292.264
      1557   292.264
      1558   292.264
      1559   292.264
      1560   292.264
      1561   292.264
      1562   292.264
      1563   292.264
      1564   292.264
      1565   292.264
      1566   292.264
      1567   292.264
      1568   292.264
      1569   292.264
      1570   292.264
      1571   292.264
      1572   292.264
      1573   292.264
      1574   292.264
      1575   292.264
      1576   292.264
      1577   292.264
      1578   292.264
      1579   292.264
      1580   292.264
      1581   292.264
      1582   292.264
      1583   292.264
      1584   292.264
      1585   292.264
      1586   292.264
      1587   292.264
      1588   292.264
      1589   292.264
      1590   292.264
      1591   292.264
      1592   292.264
      1593   292.264
      1594   292.264
      1595   292.264
      1596   292.264
      1597   292.264
      1598   292.264
      1599   292.264
      1600   292.264
      1601   292.264
      1602   292.264
      1603   292.264
      1604   292.264
      1605   292.264
      1606   292.264
      1607   292.264
      1608   292.264
      1609   292.264
      1610   292.264
      1611   292.264
      1612   292.264
      1613   292.264
      1614   292.264
      1615   292.264
      1616   292.264
      1617   292.264
      1618   292.264
      1619   292.264
      1620   292.264
      1621   292.264
      1622   292.264
      1623   292.264
      1624   292.264
      1625   292.264
      1626   292.264
      1627   292.264
      1628   292.264
      1629   292.264
      1630   292.264
      1631   292.264
      1632   292.264
      1633   292.264
      1634   292.264
      1635   292.264
      1636   292.264
      1637   292.264
      1638   292.264
      1639   292.264
      1640   292.264
      1641   292.264
      1642   292.264
      1643   292.264
      1644   292.264
      1645   292.264
      1646   292.264
      1647   292.264
      1648   292.264
      1649   292.264
      1650   292.264
      1651   292.264
      1652   292.264
      1653   292.264
      1654   292.264
      1655   292.264
      1656   292.264
      1657   292.264
      1658   292.264
      1659   292.264
      1660   292.264
      1661   292.264
      1662   292.264
      1663   292.264
      1664   292.264
      1665   292.264
      1666   292.264
      1667   292.264
      1668   292.264
      1669   292.264
      1670   292.264
      1671   292.264
      1672   292.264
      1673   292.264
      1674   292.264
      1675   292.264
      1676   292.264
      1677   292.264
      1678   292.264
      1679   292.264
      1680   292.264
      1681   292.264
      1682   292.264
      1683   292.264
      1684   292.264
      1685   292.264
      1686   292.264
      1687   292.264
      1688   292.264
      1689   292.264
      1690   292.264
      1691   292.264
      1692   292.264
      1693   292.264
      1694   292.264
      1695   292.264
      1696   292.264
      1697   292.264
      1698   292.264
      1699   292.264
      1700   292.264
      1701   292.264
      1702   292.264
      1703   292.264
      1704   292.264
      1705   292.264
      1706   292.264
      1707   292.264
      1708   292.264
      1709   292.264
      1710   292.264
      1711   292.264
      1712   292.264
      1713   292.264
      1714   292.264
      1715   292.264
      1716   292.264
      1717   292.264
      1718   292.264
      1719   292.264
      1720   292.264
      1721   292.264
      1722   292.264
      1723   292.264
      1724   292.264
      1725   292.264
      1726   292.264
      1727   292.264
      1728   292.264
      1729   292.264
      1730   292.264
      1731   292.264
      1732   292.264
      1733   292.264
      1734   292.264
      1735   292.264
      1736   292.264
      1737   292.264
      1738   292.264
      1739   292.264
      1740   292.264
      1741   292.264
      1742   292.264
      1743   292.264
      1744   292.264
      1745   292.264
      1746   292.264
      1747   292.264
      1748   292.264
      1749   292.264
      1750   292.264
      1751   292.264
      1752   292.264
      1753   292.264
      1754   292.264
      1755   292.264
      1756   292.264
      1757   292.264
      1758   292.264
      1759   292.264
      1760   292.264
      1761   292.264
      1762   292.264
      1763   292.264
      1764   292.264
      1765   292.264
      1766   292.264
      1767   292.264
      1768   292.264
      1769   292.264
      1770   292.264
      1771   292.264
      1772   292.264
      1773   292.264
      1774   292.264
      1775   292.264
      1776   292.264
      1777   292.264
      1778   292.264
      1779   292.264
      1780   292.264
      1781   292.264
      1782   292.264
      1783   292.264
      1784   292.264
      1785   292.264
      1786   292.264
      1787   292.264
      1788   292.264
      1789   292.264
      1790   292.264
      1791   292.264
      1792   292.264
      1793   292.264
      1794   292.264
      1795   292.264
      1796   292.264
      1797   292.264
      1798   292.264
      1799   292.264
      1800   292.264
      1801   292.264
      1802   292.264
      1803   292.264
      1804   292.264
      1805   292.264
      1806   292.264
      1807   292.264
      1808   292.264
      1809   292.264
      1810   292.264
      1811   292.264
      1812   292.264
      1813   292.264
      1814   292.264
      1815   292.264
      1816   292.264
      1817   292.264
      1818   292.264
      1819   292.264
      1820   292.264
      1821   292.264
      1822   292.264
      1823   292.264
      1824   292.264
      1825   292.264
      1826   292.264
      1827   292.264
      1828   292.264
      1829   292.264
      1830   292.264
      1831   292.264
      1832   292.264
      1833   292.264
      1834   292.264
      1835   292.264
      1836   292.264
      1837   292.264
      1838   292.264
      1839   292.264
      1840   292.264
      1841   292.264
      1842   292.264
      1843   292.264
      1844   292.264
      1845   292.264
      1846   292.264
      1847   292.264
      1848   292.264
      1849   292.264
      1850   292.264
      1851   292.264
      1852   292.264
      1853   292.264
      1854   292.264
      1855   292.264
      1856   292.264
      1857   292.264
      1858   292.264
      1859   292.264
      1860   292.264
      1861   292.264
      1862   292.264
      1863   292.264
      1864   292.264
      1865   292.264
      1866   292.264
      1867   292.264
      1868   292.264
      1869   292.264
      1870   292.264
      1871   292.264
      1872   292.264
      1873   292.264
      1874   292.264
      1875   292.264
      1876   292.264
      1877   292.264
      1878   292.264
      1879   292.264
      1880   292.264
      1881   292.264
      1882   292.264
      1883   292.264
      1884   292.264
      1885   292.264
      1886   292.264
      1887   292.264
      1888   292.264
      1889   292.264
      1890   292.264
      1891   292.264
      1892   292.264
      1893   292.264
      1894   292.264
      1895   292.264
      1896   292.264
      1897   292.264
      1898   292.264
      1899   292.264
      1900   292.264
      1901   292.264
      1902   292.264
      1903   292.264
      1904   292.264
      1905   292.264
      1906   292.264
      1907   292.264
      1908   292.264
      1909   292.264
      1910   292.264
      1911   292.264
      1912   292.264
      1913   292.264
      1914   292.264
      1915   292.264
      1916   292.264
      1917   292.264
      1918   292.264
      1919   292.264
      1920   292.264
      1921   292.264
      1922   292.264
      1923   292.264
      1924   292.264
      1925   292.264
      1926   292.264
      1927   292.264
      1928   292.264
      1929   292.264
      1930   292.264
      1931   292.264
      1932   292.264
      1933   292.264
      1934   292.264
      1935   292.264
      1936   292.264
      1937   292.264
      1938   292.264
      1939   292.264
      1940   292.264
      1941   292.264
      1942   292.264
      1943   292.264
      1944   292.264
      1945   292.264
      1946   292.264
      1947   292.264
      1948   292.264
      1949   292.264
      1950   292.264
      1951   292.264
      1952   292.264
      1953   292.264
      1954   292.264
      1955   292.264
      1956   292.264
      1957   292.264
      1958   292.264
      1959   292.264
      1960   292.264
      1961   292.264
      1962   292.264
      1963   292.264
      1964   292.264
      1965   292.264
      1966   292.264
      1967   292.264
      1968   292.264
      1969   292.264
      1970   292.264
      1971   292.264
      1972   292.264
      1973   292.264
      1974   292.264
      1975   292.264
      1976   292.264
      1977   292.264
      1978   292.264
      1979   292.264
      1980   292.264
      1981   292.264
      1982   292.264
      1983   292.264
      1984   292.264
      1985   292.264
      1986   292.264
      1987   292.264
      1988   292.264
      1989   292.264
      1990   292.264
      1991   292.264
      1992   292.264
      1993   292.264
      1994   292.264
      1995   292.264
      1996   292.264
      1997   292.264
      1998   292.264
      1999   292.264
