         0   909.726
         1   850.095
         2   790.784
         3   753.196
         4   697.565
         5   658.297
         6    634.88
         7   617.416
         8   604.361
         9   581.294
        10   563.956
        11   556.047
        12   540.837
        13    522.45
        14   503.804
        15   500.001
        16   496.207
        17   491.738
        18   480.809
        19   479.127
        20   475.465
        21   474.057
        22   474.028
        23   473.895
        24    473.82
        25   469.636
        26   465.255
        27   461.105
        28    449.32
        29    445.15
        30   444.524
        31   438.557
        32   423.401
        33   419.271
        34   419.264
        35   418.572
        36   417.835
        37   416.546
        38   414.163
        39   413.313
        40   412.541
        41   399.206
        42   365.159
        43   364.925
        44   364.925
        45   364.925
        46   364.925
        47   364.925
        48   364.925
        49   364.925
        50   364.925
        51    364.61
        52   362.793
        53   360.152
        54   359.142
        55   359.142
        56   359.142
        57   359.136
        58   358.466
        59   357.429
        60   357.254
        61   355.553
        62   350.735
        63   350.167
        64    349.23
        65    349.23
        66    349.23
        67    349.23
        68    349.23
        69   349.227
        70    349.06
        71   342.511
        72   327.143
        73   327.129
        74   325.817
        75   323.709
        76   322.438
        77    318.69
        78   314.198
        79    313.49
        80    313.49
        81    313.49
        82    313.49
        83    313.49
        84    313.49
        85    313.49
        86    313.49
        87    313.49
        88    313.49
        89    313.49
        90    313.49
        91   312.266
        92   307.617
        93   307.368
        94   307.368
        95   307.368
        96   307.368
        97   307.368
        98   307.368
        99   307.368
       100   307.368
       101   307.294
       102   307.024
       103   306.974
       104   306.974
       105   306.974
       106   306.974
       107   306.974
       108   306.974
       109   306.974
       110   306.974
       111   306.974
       112   306.974
       113   306.974
       114   306.974
       115   306.974
       116   306.974
       117   306.974
       118   306.974
       119   306.974
       120   306.974
       121   306.852
       122   306.282
       123   306.131
       124   306.131
       125   306.131
       126   306.131
       127   306.131
       128   306.131
       129   306.131
       130   306.131
       131    303.61
       132   293.317
       133   291.213
       134   291.213
       135   291.213
       136   291.213
       137   291.213
       138   291.213
       139   291.213
       140   291.213
       141   291.213
       142   291.213
       143   291.213
       144   291.213
       145   291.213
       146   291.213
       147   291.213
       148   291.213
       149   291.213
       150   291.213
       151   290.361
       152    289.48
       153    289.48
       154    289.48
       155    289.48
       156    289.48
       157    289.48
       158    289.48
       159    289.48
       160    289.48
       161    289.48
       162    289.48
       163    289.48
       164    289.48
       165    289.48
       166    289.48
       167    289.48
       168    289.48
       169    289.48
       170    289.48
       171    289.48
       172    289.48
       173    289.48
       174    289.48
       175    289.48
       176    289.48
       177    289.48
       178    289.48
       179    289.48
       180    289.48
       181    289.48
       182    289.48
       183    289.48
       184    289.48
       185    289.48
       186    289.48
       187    289.48
       188    289.48
       189    289.48
       190    289.48
       191   287.214
       192   285.572
       193   285.572
       194   285.572
       195   285.572
       196   285.572
       197   285.572
       198   285.572
       199   285.572
       200   285.572
       201   285.572
       202   285.572
       203   285.572
       204   285.572
       205   285.572
       206   285.572
       207   285.572
       208   285.572
       209   285.572
       210   285.572
       211   285.572
       212   285.572
       213   285.572
       214   285.572
       215   285.572
       216   285.572
       217   285.572
       218   285.572
       219   285.572
       220   285.572
       221   285.572
       222   285.572
       223   285.572
       224   285.572
       225   285.572
       226   285.572
       227   285.572
       228   285.572
       229   285.572
       230   285.572
       231   285.572
       232   285.572
       233   285.572
       234   285.572
       235   285.572
       236   285.572
       237   285.572
       238   285.572
       239   285.572
       240   285.572
       241   285.309
       242   285.084
       243   285.084
       244   285.084
       245   285.084
       246   285.084
       247   285.084
       248   285.084
       249   285.084
       250   285.084
       251   285.084
       252   285.084
       253   285.084
       254   285.084
       255   285.084
       256   285.084
       257   285.084
       258   285.084
       259   285.084
       260   285.084
       261   285.084
       262   285.084
       263   285.084
       264   285.084
       265   285.084
       266   285.084
       267   285.084
       268   285.084
       269   285.084
       270   285.084
       271   285.084
       272   285.084
       273   285.084
       274   285.084
       275   285.084
       276   285.084
       277   285.084
       278   285.084
       279   285.066
       280   282.909
       281   280.515
       282   280.515
       283   280.515
       284   280.515
       285   280.515
       286   280.515
       287   280.515
       288   280.515
       289   280.515
       290   280.515
       291   280.515
       292   280.515
       293   280.515
       294   280.515
       295   280.515
       296   280.515
       297   280.515
       298   280.515
       299   280.515
       300   280.515
       301   280.515
       302   280.515
       303   280.515
       304   280.515
       305   280.515
       306   280.515
       307   280.515
       308   280.515
       309   280.515
       310   280.515
       311   280.515
       312   280.515
       313   280.515
       314   280.515
       315   280.515
       316   280.515
       317   280.515
       318   280.515
       319   280.515
       320   280.515
       321    279.49
       322   278.497
       323   278.497
       324   278.497
       325   278.497
       326   278.497
       327   278.497
       328   278.497
       329   278.497
       330   278.497
       331   278.491
       332   277.656
       333    276.94
       334    276.94
       335    276.94
       336    276.94
       337    276.94
       338    276.94
       339    276.94
       340    276.94
       341    276.94
       342    276.94
       343    276.94
       344    276.94
       345    276.94
       346    276.94
       347    276.94
       348    276.94
       349    276.94
       350    276.94
       351    276.94
       352    276.94
       353    276.94
       354    276.94
       355    276.94
       356    276.94
       357    276.94
       358    276.94
       359    276.94
       360    276.94
       361    276.94
       362    276.94
       363    276.94
       364    276.94
       365    276.94
       366    276.94
       367    276.94
       368    276.94
       369    276.94
       370    276.94
       371    276.94
       372    276.94
       373    276.94
       374    276.94
       375    276.94
       376    276.94
       377    276.94
       378    276.94
       379    276.94
       380    276.94
       381    276.94
       382    276.94
       383    276.94
       384    276.94
       385    276.94
       386    276.94
       387    276.94
       388    276.94
       389    276.94
       390    276.94
       391    276.94
       392    276.94
       393    276.94
       394    276.94
       395    276.94
       396    276.94
       397    276.94
       398    276.94
       399    276.94
       400    276.94
       401    276.94
       402    276.94
       403    276.94
       404    276.94
       405    276.94
       406    276.94
       407    276.94
       408    276.94
       409    276.94
       410    276.94
       411    276.94
       412    276.94
       413    276.94
       414    276.94
       415    276.94
       416    276.94
       417    276.94
       418    276.94
       419    276.94
       420    276.94
       421    276.94
       422    276.94
       423    276.94
       424    276.94
       425    276.94
       426    276.94
       427    276.94
       428    276.94
       429    276.94
       430    276.94
       431    276.94
       432    276.94
       433    276.94
       434    276.94
       435    276.94
       436    276.94
       437    276.94
       438    276.94
       439    276.94
       440    276.94
       441    276.94
       442    276.94
       443    276.94
       444    276.94
       445    276.94
       446    276.94
       447    276.94
       448    276.94
       449    276.94
       450    276.94
       451    276.94
       452    276.94
       453    276.94
       454    276.94
       455    276.94
       456    276.94
       457    276.94
       458    276.94
       459    276.94
       460    276.94
       461    276.94
       462    276.94
       463    276.94
       464    276.94
       465    276.94
       466    276.94
       467    276.94
       468    276.94
       469    276.94
       470    276.94
       471    276.94
       472    276.94
       473    276.94
       474    276.94
       475    276.94
       476    276.94
       477    276.94
       478    276.94
       479    276.94
       480    276.94
       481    276.94
       482    276.94
       483    276.94
       484    276.94
       485    276.94
       486    276.94
       487    276.94
       488    276.94
       489    276.94
       490    276.94
       491    276.94
       492    276.94
       493    276.94
       494    276.94
       495    276.94
       496    276.94
       497    276.94
       498    276.94
       499    276.94
       500    276.94
       501    276.94
       502    276.94
       503    276.94
       504    276.94
       505    276.94
       506    276.94
       507    276.94
       508    276.94
       509    276.94
       510    276.94
       511    276.94
       512    276.94
       513    276.94
       514    276.94
       515    276.94
       516    276.94
       517    276.94
       518    276.94
       519    276.94
       520    276.94
       521    276.94
       522    276.94
       523    276.94
       524    276.94
       525    276.94
       526    276.94
       527    276.94
       528    276.94
       529    276.94
       530    276.94
       531    276.94
       532    276.94
       533    276.94
       534    276.94
       535    276.94
       536    276.94
       537    276.94
       538    276.94
       539    276.94
       540    276.94
       541    276.94
       542    276.94
       543    276.94
       544    276.94
       545    276.94
       546    276.94
       547    276.94
       548    276.94
       549    276.94
       550    276.94
       551    276.94
       552    276.94
       553    276.94
       554    276.94
       555    276.94
       556    276.94
       557    276.94
       558    276.94
       559    276.94
       560    276.94
       561    276.94
       562    276.94
       563    276.94
       564    276.94
       565    276.94
       566    276.94
       567    276.94
       568    276.94
       569    276.94
       570    276.94
       571    276.94
       572    276.94
       573    276.94
       574    276.94
       575    276.94
       576    276.94
       577    276.94
       578    276.94
       579    276.94
       580    276.94
       581    276.94
       582    276.94
       583    276.94
       584    276.94
       585    276.94
       586    276.94
       587    276.94
       588    276.94
       589    276.94
       590    276.94
       591    276.94
       592    276.94
       593    276.94
       594    276.94
       595    276.94
       596    276.94
       597    276.94
       598    276.94
       599    276.94
       600    276.94
       601    276.94
       602    276.94
       603    276.94
       604    276.94
       605    276.94
       606    276.94
       607    276.94
       608    276.94
       609    276.94
       610    276.94
       611    276.94
       612    276.94
       613    276.94
       614    276.94
       615    276.94
       616    276.94
       617    276.94
       618    276.94
       619    276.94
       620    276.94
       621    276.94
       622    276.94
       623    276.94
       624    276.94
       625    276.94
       626    276.94
       627    276.94
       628    276.94
       629    276.94
       630    276.94
       631    276.94
       632    276.94
       633    276.94
       634    276.94
       635    276.94
       636    276.94
       637    276.94
       638    276.94
       639    276.94
       640    276.94
       641    276.94
       642    276.94
       643    276.94
       644    276.94
       645    276.94
       646    276.94
       647    276.94
       648    276.94
       649    276.94
       650    276.94
       651    276.94
       652    276.94
       653    276.94
       654    276.94
       655    276.94
       656    276.94
       657    276.94
       658    276.94
       659    276.94
       660    276.94
       661    276.94
       662    276.94
       663    276.94
       664    276.94
       665    276.94
       666    276.94
       667    276.94
       668    276.94
       669    276.94
       670    276.94
       671    276.94
       672    276.94
       673    276.94
       674    276.94
       675    276.94
       676    276.94
       677    276.94
       678    276.94
       679    276.94
       680    276.94
       681    276.94
       682    276.94
       683    276.94
       684    276.94
       685    276.94
       686    276.94
       687    276.94
       688    276.94
       689    276.94
       690    276.94
       691    276.94
       692    276.94
       693    276.94
       694    276.94
       695    276.94
       696    276.94
       697    276.94
       698    276.94
       699    276.94
       700    276.94
       701    276.94
       702    276.94
       703    276.94
       704    276.94
       705    276.94
       706    276.94
       707    276.94
       708    276.94
       709    276.94
       710    276.94
       711    276.94
       712    276.94
       713    276.94
       714    276.94
       715    276.94
       716    276.94
       717    276.94
       718    276.94
       719    276.94
       720    276.94
       721    276.94
       722    276.94
       723    276.94
       724    276.94
       725    276.94
       726    276.94
       727    276.94
       728    276.94
       729    276.94
       730    276.94
       731    276.94
       732    276.94
       733    276.94
       734    276.94
       735    276.94
       736    276.94
       737    276.94
       738    276.94
       739    276.94
       740    276.94
       741    276.94
       742    276.94
       743    276.94
       744    276.94
       745    276.94
       746    276.94
       747    276.94
       748    276.94
       749    276.94
       750    276.94
       751    276.94
       752    276.94
       753    276.94
       754    276.94
       755    276.94
       756    276.94
       757    276.94
       758    276.94
       759    276.94
       760    276.94
       761    276.94
       762    276.94
       763    276.94
       764    276.94
       765    276.94
       766    276.94
       767    276.94
       768    276.94
       769    276.94
       770    276.94
       771    276.94
       772    276.94
       773    276.94
       774    276.94
       775    276.94
       776    276.94
       777    276.94
       778    276.94
       779    276.94
       780    276.94
       781    276.94
       782    276.94
       783    276.94
       784    276.94
       785    276.94
       786    276.94
       787    276.94
       788    276.94
       789    276.94
       790    276.94
       791    276.94
       792    276.94
       793    276.94
       794    276.94
       795    276.94
       796    276.94
       797    276.94
       798    276.94
       799    276.94
       800    276.94
       801    276.94
       802    276.94
       803    276.94
       804    276.94
       805    276.94
       806    276.94
       807    276.94
       808    276.94
       809    276.94
       810    276.94
       811    276.94
       812    276.94
       813    276.94
       814    276.94
       815    276.94
       816    276.94
       817    276.94
       818    276.94
       819    276.94
       820    276.94
       821    276.94
       822    276.94
       823    276.94
       824    276.94
       825    276.94
       826    276.94
       827    276.94
       828    276.94
       829    276.94
       830    276.94
       831    276.94
       832    276.94
       833    276.94
       834    276.94
       835    276.94
       836    276.94
       837    276.94
       838    276.94
       839    276.94
       840    276.94
       841    276.94
       842    276.94
       843    276.94
       844    276.94
       845    276.94
       846    276.94
       847    276.94
       848    276.94
       849    276.94
       850    276.94
       851    276.94
       852    276.94
       853    276.94
       854    276.94
       855    276.94
       856    276.94
       857    276.94
       858    276.94
       859    276.94
       860    276.94
       861    276.94
       862    276.94
       863    276.94
       864    276.94
       865    276.94
       866    276.94
       867    276.94
       868    276.94
       869    276.94
       870    276.94
       871    276.94
       872    276.94
       873    276.94
       874    276.94
       875    276.94
       876    276.94
       877    276.94
       878    276.94
       879    276.94
       880    276.94
       881    276.94
       882    276.94
       883    276.94
       884    276.94
       885    276.94
       886    276.94
       887    276.94
       888    276.94
       889    276.94
       890    276.94
       891    276.94
       892    276.94
       893    276.94
       894    276.94
       895    276.94
       896    276.94
       897    276.94
       898    276.94
       899    276.94
       900    276.94
       901    276.94
       902    276.94
       903    276.94
       904    276.94
       905    276.94
       906    276.94
       907    276.94
       908    276.94
       909    276.94
       910    276.94
       911    276.94
       912    276.94
       913    276.94
       914    276.94
       915    276.94
       916    276.94
       917    276.94
       918    276.94
       919    276.94
       920    276.94
       921    276.94
       922    276.94
       923    276.94
       924    276.94
       925    276.94
       926    276.94
       927    276.94
       928    276.94
       929    276.94
       930    276.94
       931    276.94
       932    276.94
       933    276.94
       934    276.94
       935    276.94
       936    276.94
       937    276.94
       938    276.94
       939    276.94
       940    276.94
       941    276.94
       942    276.94
       943    276.94
       944    276.94
       945    276.94
       946    276.94
       947    276.94
       948    276.94
       949    276.94
       950    276.94
       951    276.94
       952    276.94
       953    276.94
       954    276.94
       955    276.94
       956    276.94
       957    276.94
       958    276.94
       959    276.94
       960    276.94
       961    276.94
       962    276.94
       963    276.94
       964    276.94
       965    276.94
       966    276.94
       967    276.94
       968    276.94
       969    276.94
       970    276.94
       971    276.94
       972    276.94
       973    276.94
       974    276.94
       975    276.94
       976    276.94
       977    276.94
       978    276.94
       979    276.94
       980    276.94
       981    276.94
       982    276.94
       983    276.94
       984    276.94
       985    276.94
       986    276.94
       987    276.94
       988    276.94
       989    276.94
       990    276.94
       991    276.94
       992    276.94
       993    276.94
       994    276.94
       995    276.94
       996    276.94
       997    276.94
       998    276.94
       999    276.94
      1000    276.94
      1001    276.94
      1002    276.94
      1003    276.94
      1004    276.94
      1005    276.94
      1006    276.94
      1007    276.94
      1008    276.94
      1009    276.94
      1010    276.94
      1011    276.94
      1012    276.94
      1013    276.94
      1014    276.94
      1015    276.94
      1016    276.94
      1017    276.94
      1018    276.94
      1019    276.94
      1020    276.94
      1021    276.94
      1022    276.94
      1023    276.94
      1024    276.94
      1025    276.94
      1026    276.94
      1027    276.94
      1028    276.94
      1029    276.94
      1030    276.94
      1031    276.94
      1032    276.94
      1033    276.94
      1034    276.94
      1035    276.94
      1036    276.94
      1037    276.94
      1038    276.94
      1039    276.94
      1040    276.94
      1041    276.94
      1042    276.94
      1043    276.94
      1044    276.94
      1045    276.94
      1046    276.94
      1047    276.94
      1048    276.94
      1049    276.94
      1050    276.94
      1051    276.94
      1052    276.94
      1053    276.94
      1054    276.94
      1055    276.94
      1056    276.94
      1057    276.94
      1058    276.94
      1059    276.94
      1060    276.94
      1061    276.94
      1062    276.94
      1063    276.94
      1064    276.94
      1065    276.94
      1066    276.94
      1067    276.94
      1068    276.94
      1069    276.94
      1070    276.94
      1071    276.94
      1072    276.94
      1073    276.94
      1074    276.94
      1075    276.94
      1076    276.94
      1077    276.94
      1078    276.94
      1079    276.94
      1080    276.94
      1081    276.94
      1082    276.94
      1083    276.94
      1084    276.94
      1085    276.94
      1086    276.94
      1087    276.94
      1088    276.94
      1089    276.94
      1090    276.94
      1091    276.94
      1092    276.94
      1093    276.94
      1094    276.94
      1095    276.94
      1096    276.94
      1097    276.94
      1098    276.94
      1099    276.94
      1100    276.94
      1101    276.94
      1102    276.94
      1103    276.94
      1104    276.94
      1105    276.94
      1106    276.94
      1107    276.94
      1108    276.94
      1109    276.94
      1110    276.94
      1111    276.94
      1112    276.94
      1113    276.94
      1114    276.94
      1115    276.94
      1116    276.94
      1117    276.94
      1118    276.94
      1119    276.94
      1120    276.94
      1121    276.94
      1122    276.94
      1123    276.94
      1124    276.94
      1125    276.94
      1126    276.94
      1127    276.94
      1128    276.94
      1129    276.94
      1130    276.94
      1131    276.94
      1132    276.94
      1133    276.94
      1134    276.94
      1135    276.94
      1136    276.94
      1137    276.94
      1138    276.94
      1139    276.94
      1140    276.94
      1141    276.94
      1142    276.94
      1143    276.94
      1144    276.94
      1145    276.94
      1146    276.94
      1147    276.94
      1148    276.94
      1149    276.94
      1150    276.94
      1151    276.94
      1152    276.94
      1153    276.94
      1154    276.94
      1155    276.94
      1156    276.94
      1157    276.94
      1158    276.94
      1159    276.94
      1160    276.94
      1161    276.94
      1162    276.94
      1163    276.94
      1164    276.94
      1165    276.94
      1166    276.94
      1167    276.94
      1168    276.94
      1169    276.94
      1170    276.94
      1171    276.94
      1172    276.94
      1173    276.94
      1174    276.94
      1175    276.94
      1176    276.94
      1177    276.94
      1178    276.94
      1179    276.94
      1180    276.94
      1181    276.94
      1182    276.94
      1183    276.94
      1184    276.94
      1185    276.94
      1186    276.94
      1187    276.94
      1188    276.94
      1189    276.94
      1190    276.94
      1191    276.94
      1192    276.94
      1193    276.94
      1194    276.94
      1195    276.94
      1196    276.94
      1197    276.94
      1198    276.94
      1199    276.94
      1200    276.94
      1201    276.94
      1202    276.94
      1203    276.94
      1204    276.94
      1205    276.94
      1206    276.94
      1207    276.94
      1208    276.94
      1209    276.94
      1210    276.94
      1211    276.94
      1212    276.94
      1213    276.94
      1214    276.94
      1215    276.94
      1216    276.94
      1217    276.94
      1218    276.94
      1219    276.94
      1220    276.94
      1221    276.94
      1222    276.94
      1223    276.94
      1224    276.94
      1225    276.94
      1226    276.94
      1227    276.94
      1228    276.94
      1229    276.94
      1230    276.94
      1231    276.94
      1232    276.94
      1233    276.94
      1234    276.94
      1235    276.94
      1236    276.94
      1237    276.94
      1238    276.94
      1239    276.94
      1240    276.94
      1241    276.94
      1242    276.94
      1243    276.94
      1244    276.94
      1245    276.94
      1246    276.94
      1247    276.94
      1248    276.94
      1249    276.94
      1250    276.94
      1251    276.94
      1252    276.94
      1253    276.94
      1254    276.94
      1255    276.94
      1256    276.94
      1257    276.94
      1258    276.94
      1259    276.94
      1260    276.94
      1261    276.94
      1262    276.94
      1263    276.94
      1264    276.94
      1265    276.94
      1266    276.94
      1267    276.94
      1268    276.94
      1269    276.94
      1270    276.94
      1271    276.94
      1272    276.94
      1273    276.94
      1274    276.94
      1275    276.94
      1276    276.94
      1277    276.94
      1278    276.94
      1279    276.94
      1280    276.94
      1281    276.94
      1282    276.94
      1283    276.94
      1284    276.94
      1285    276.94
      1286    276.94
      1287    276.94
      1288    276.94
      1289    276.94
      1290    276.94
      1291    276.94
      1292    276.94
      1293    276.94
      1294    276.94
      1295    276.94
      1296    276.94
      1297    276.94
      1298    276.94
      1299    276.94
      1300    276.94
      1301    276.94
      1302    276.94
      1303    276.94
      1304    276.94
      1305    276.94
      1306    276.94
      1307    276.94
      1308    276.94
      1309    276.94
      1310    276.94
      1311    276.94
      1312    276.94
      1313    276.94
      1314    276.94
      1315    276.94
      1316    276.94
      1317    276.94
      1318    276.94
      1319    276.94
      1320    276.94
      1321    276.94
      1322    276.94
      1323    276.94
      1324    276.94
      1325    276.94
      1326    276.94
      1327    276.94
      1328    276.94
      1329    276.94
      1330    276.94
      1331    276.94
      1332    276.94
      1333    276.94
      1334    276.94
      1335    276.94
      1336    276.94
      1337    276.94
      1338    276.94
      1339    276.94
      1340    276.94
      1341    276.94
      1342    276.94
      1343    276.94
      1344    276.94
      1345    276.94
      1346    276.94
      1347    276.94
      1348    276.94
      1349    276.94
      1350    276.94
      1351    276.94
      1352    276.94
      1353    276.94
      1354    276.94
      1355    276.94
      1356    276.94
      1357    276.94
      1358    276.94
      1359    276.94
      1360    276.94
      1361    276.94
      1362    276.94
      1363    276.94
      1364    276.94
      1365    276.94
      1366    276.94
      1367    276.94
      1368    276.94
      1369    276.94
      1370    276.94
      1371    276.94
      1372    276.94
      1373    276.94
      1374    276.94
      1375    276.94
      1376    276.94
      1377    276.94
      1378    276.94
      1379    276.94
      1380    276.94
      1381    276.94
      1382    276.94
      1383    276.94
      1384    276.94
      1385    276.94
      1386    276.94
      1387    276.94
      1388    276.94
      1389    276.94
      1390    276.94
      1391    276.94
      1392    276.94
      1393    276.94
      1394    276.94
      1395    276.94
      1396    276.94
      1397    276.94
      1398    276.94
      1399    276.94
      1400    276.94
      1401    276.94
      1402    276.94
      1403    276.94
      1404    276.94
      1405    276.94
      1406    276.94
      1407    276.94
      1408    276.94
      1409    276.94
      1410    276.94
      1411    276.94
      1412    276.94
      1413    276.94
      1414    276.94
      1415    276.94
      1416    276.94
      1417    276.94
      1418    276.94
      1419    276.94
      1420    276.94
      1421    276.94
      1422    276.94
      1423    276.94
      1424    276.94
      1425    276.94
      1426    276.94
      1427    276.94
      1428    276.94
      1429    276.94
      1430    276.94
      1431    276.94
      1432    276.94
      1433    276.94
      1434    276.94
      1435    276.94
      1436    276.94
      1437    276.94
      1438    276.94
      1439    276.94
      1440    276.94
      1441    276.94
      1442    276.94
      1443    276.94
      1444    276.94
      1445    276.94
      1446    276.94
      1447    276.94
      1448    276.94
      1449    276.94
      1450    276.94
      1451    276.94
      1452    276.94
      1453    276.94
      1454    276.94
      1455    276.94
      1456    276.94
      1457    276.94
      1458    276.94
      1459    276.94
      1460    276.94
      1461    276.94
      1462    276.94
      1463    276.94
      1464    276.94
      1465    276.94
      1466    276.94
      1467    276.94
      1468    276.94
      1469    276.94
      1470    276.94
      1471    276.94
      1472    276.94
      1473    276.94
      1474    276.94
      1475    276.94
      1476    276.94
      1477    276.94
      1478    276.94
      1479    276.94
      1480    276.94
      1481    276.94
      1482    276.94
      1483    276.94
      1484    276.94
      1485    276.94
      1486    276.94
      1487    276.94
      1488    276.94
      1489    276.94
      1490    276.94
      1491    276.94
      1492    276.94
      1493    276.94
      1494    276.94
      1495    276.94
      1496    276.94
      1497    276.94
      1498    276.94
      1499    276.94
      1500    276.94
      1501    276.94
      1502    276.94
      1503    276.94
      1504    276.94
      1505    276.94
      1506    276.94
      1507    276.94
      1508    276.94
      1509    276.94
      1510    276.94
      1511    276.94
      1512    276.94
      1513    276.94
      1514    276.94
      1515    276.94
      1516    276.94
      1517    276.94
      1518    276.94
      1519    276.94
      1520    276.94
      1521    276.94
      1522    276.94
      1523    276.94
      1524    276.94
      1525    276.94
      1526    276.94
      1527    276.94
      1528    276.94
      1529    276.94
      1530    276.94
      1531    276.94
      1532    276.94
      1533    276.94
      1534    276.94
      1535    276.94
      1536    276.94
      1537    276.94
      1538    276.94
      1539    276.94
      1540    276.94
      1541    276.94
      1542    276.94
      1543    276.94
      1544    276.94
      1545    276.94
      1546    276.94
      1547    276.94
      1548    276.94
      1549    276.94
      1550    276.94
      1551    276.94
      1552    276.94
      1553    276.94
      1554    276.94
      1555    276.94
      1556    276.94
      1557    276.94
      1558    276.94
      1559    276.94
      1560    276.94
      1561    276.94
      1562    276.94
      1563    276.94
      1564    276.94
      1565    276.94
      1566    276.94
      1567    276.94
      1568    276.94
      1569    276.94
      1570    276.94
      1571    276.94
      1572    276.94
      1573    276.94
      1574    276.94
      1575    276.94
      1576    276.94
      1577    276.94
      1578    276.94
      1579    276.94
      1580    276.94
      1581    276.94
      1582    276.94
      1583    276.94
      1584    276.94
      1585    276.94
      1586    276.94
      1587    276.94
      1588    276.94
      1589    276.94
      1590    276.94
      1591    276.94
      1592    276.94
      1593    276.94
      1594    276.94
      1595    276.94
      1596    276.94
      1597    276.94
      1598    276.94
      1599    276.94
      1600    276.94
      1601    276.94
      1602    276.94
      1603    276.94
      1604    276.94
      1605    276.94
      1606    276.94
      1607    276.94
      1608    276.94
      1609    276.94
      1610    276.94
      1611    276.94
      1612    276.94
      1613    276.94
      1614    276.94
      1615    276.94
      1616    276.94
      1617    276.94
      1618    276.94
      1619    276.94
      1620    276.94
      1621    276.94
      1622    276.94
      1623    276.94
      1624    276.94
      1625    276.94
      1626    276.94
      1627    276.94
      1628    276.94
      1629    276.94
      1630    276.94
      1631    276.94
      1632    276.94
      1633    276.94
      1634    276.94
      1635    276.94
      1636    276.94
      1637    276.94
      1638    276.94
      1639    276.94
      1640    276.94
      1641    276.94
      1642    276.94
      1643    276.94
      1644    276.94
      1645    276.94
      1646    276.94
      1647    276.94
      1648    276.94
      1649    276.94
      1650    276.94
      1651    276.94
      1652    276.94
      1653    276.94
      1654    276.94
      1655    276.94
      1656    276.94
      1657    276.94
      1658    276.94
      1659    276.94
      1660    276.94
      1661    276.94
      1662    276.94
      1663    276.94
      1664    276.94
      1665    276.94
      1666    276.94
      1667    276.94
      1668    276.94
      1669    276.94
      1670    276.94
      1671    276.94
      1672    276.94
      1673    276.94
      1674    276.94
      1675    276.94
      1676    276.94
      1677    276.94
      1678    276.94
      1679    276.94
      1680    276.94
      1681    276.94
      1682    276.94
      1683    276.94
      1684    276.94
      1685    276.94
      1686    276.94
      1687    276.94
      1688    276.94
      1689    276.94
      1690    276.94
      1691    276.94
      1692    276.94
      1693    276.94
      1694    276.94
      1695    276.94
      1696    276.94
      1697    276.94
      1698    276.94
      1699    276.94
      1700    276.94
      1701    276.94
      1702    276.94
      1703    276.94
      1704    276.94
      1705    276.94
      1706    276.94
      1707    276.94
      1708    276.94
      1709    276.94
      1710    276.94
      1711    276.94
      1712    276.94
      1713    276.94
      1714    276.94
      1715    276.94
      1716    276.94
      1717    276.94
      1718    276.94
      1719    276.94
      1720    276.94
      1721    276.94
      1722    276.94
      1723    276.94
      1724    276.94
      1725    276.94
      1726    276.94
      1727    276.94
      1728    276.94
      1729    276.94
      1730    276.94
      1731    276.94
      1732    276.94
      1733    276.94
      1734    276.94
      1735    276.94
      1736    276.94
      1737    276.94
      1738    276.94
      1739    276.94
      1740    276.94
      1741    276.94
      1742    276.94
      1743    276.94
      1744    276.94
      1745    276.94
      1746    276.94
      1747    276.94
      1748    276.94
      1749    276.94
      1750    276.94
      1751    276.94
      1752    276.94
      1753    276.94
      1754    276.94
      1755    276.94
      1756    276.94
      1757    276.94
      1758    276.94
      1759    276.94
      1760    276.94
      1761    276.94
      1762    276.94
      1763    276.94
      1764    276.94
      1765    276.94
      1766    276.94
      1767    276.94
      1768    276.94
      1769    276.94
      1770    276.94
      1771    276.94
      1772    276.94
      1773    276.94
      1774    276.94
      1775    276.94
      1776    276.94
      1777    276.94
      1778    276.94
      1779    276.94
      1780    276.94
      1781    276.94
      1782    276.94
      1783    276.94
      1784    276.94
      1785    276.94
      1786    276.94
      1787    276.94
      1788    276.94
      1789    276.94
      1790    276.94
      1791    276.94
      1792    276.94
      1793    276.94
      1794    276.94
      1795    276.94
      1796    276.94
      1797    276.94
      1798    276.94
      1799    276.94
      1800    276.94
      1801    276.94
      1802    276.94
      1803    276.94
      1804    276.94
      1805    276.94
      1806    276.94
      1807    276.94
      1808    276.94
      1809    276.94
      1810    276.94
      1811    276.94
      1812    276.94
      1813    276.94
      1814    276.94
      1815    276.94
      1816    276.94
      1817    276.94
      1818    276.94
      1819    276.94
      1820    276.94
      1821    276.94
      1822    276.94
      1823    276.94
      1824    276.94
      1825    276.94
      1826    276.94
      1827    276.94
      1828    276.94
      1829    276.94
      1830    276.94
      1831    276.94
      1832    276.94
      1833    276.94
      1834    276.94
      1835    276.94
      1836    276.94
      1837    276.94
      1838    276.94
      1839    276.94
      1840    276.94
      1841    276.94
      1842    276.94
      1843    276.94
      1844    276.94
      1845    276.94
      1846    276.94
      1847    276.94
      1848    276.94
      1849    276.94
      1850    276.94
      1851    276.94
      1852    276.94
      1853    276.94
      1854    276.94
      1855    276.94
      1856    276.94
      1857    276.94
      1858    276.94
      1859    276.94
      1860    276.94
      1861    276.94
      1862    276.94
      1863    276.94
      1864    276.94
      1865    276.94
      1866    276.94
      1867    276.94
      1868    276.94
      1869    276.94
      1870    276.94
      1871    276.94
      1872    276.94
      1873    276.94
      1874    276.94
      1875    276.94
      1876    276.94
      1877    276.94
      1878    276.94
      1879    276.94
      1880    276.94
      1881    276.94
      1882    276.94
      1883    276.94
      1884    276.94
      1885    276.94
      1886    276.94
      1887    276.94
      1888    276.94
      1889    276.94
      1890    276.94
      1891    276.94
      1892    276.94
      1893    276.94
      1894    276.94
      1895    276.94
      1896    276.94
      1897    276.94
      1898    276.94
      1899    276.94
      1900    276.94
      1901    276.94
      1902    276.94
      1903    276.94
      1904    276.94
      1905    276.94
      1906    276.94
      1907    276.94
      1908    276.94
      1909    276.94
      1910    276.94
      1911    276.94
      1912    276.94
      1913    276.94
      1914    276.94
      1915    276.94
      1916    276.94
      1917    276.94
      1918    276.94
      1919    276.94
      1920    276.94
      1921    276.94
      1922    276.94
      1923    276.94
      1924    276.94
      1925    276.94
      1926    276.94
      1927    276.94
      1928    276.94
      1929    276.94
      1930    276.94
      1931    276.94
      1932    276.94
      1933    276.94
      1934    276.94
      1935    276.94
      1936    276.94
      1937    276.94
      1938    276.94
      1939    276.94
      1940    276.94
      1941    276.94
      1942    276.94
      1943    276.94
      1944    276.94
      1945    276.94
      1946    276.94
      1947    276.94
      1948    276.94
      1949    276.94
      1950    276.94
      1951    276.94
      1952    276.94
      1953    276.94
      1954    276.94
      1955    276.94
      1956    276.94
      1957    276.94
      1958    276.94
      1959    276.94
      1960    276.94
      1961    276.94
      1962    276.94
      1963    276.94
      1964    276.94
      1965    276.94
      1966    276.94
      1967    276.94
      1968    276.94
      1969    276.94
      1970    276.94
      1971    276.94
      1972    276.94
      1973    276.94
      1974    276.94
      1975    276.94
      1976    276.94
      1977    276.94
      1978    276.94
      1979    276.94
      1980    276.94
      1981    276.94
      1982    276.94
      1983    276.94
      1984    276.94
      1985    276.94
      1986    276.94
      1987    276.94
      1988    276.94
      1989    276.94
      1990    276.94
      1991    276.94
      1992    276.94
      1993    276.94
      1994    276.94
      1995    276.94
      1996    276.94
      1997    276.94
      1998    276.94
      1999    276.94
