         0   909.726
         1   850.095
         2   790.784
         3   753.196
         4   697.565
         5   658.297
         6    634.88
         7   617.416
         8   604.361
         9   581.294
        10   563.956
        11   556.043
        12   540.821
        13   522.501
        14   503.782
        15   499.697
        16   496.212
        17   491.755
        18   480.806
        19   479.124
        20   475.482
        21   474.048
        22   473.033
        23   471.354
        24    470.95
        25   466.801
        26   462.431
        27   462.214
        28   458.612
        29   454.277
        30   448.107
        31   447.744
        32   446.816
        33   437.483
        34   428.452
        35   425.811
        36   425.372
        37   425.265
        38   420.702
        39   410.321
        40   404.642
        41   402.175
        42   398.884
        43   397.717
        44   396.281
        45   393.568
        46   390.863
        47   389.314
        48   389.308
        49   388.526
        50   387.824
        51   386.769
        52   385.723
        53   385.723
        54   385.722
        55   385.585
        56   378.341
        57   371.455
        58   371.431
        59   369.623
        60   365.729
        61   365.711
        62   364.177
        63   362.058
        64   361.302
        65   361.302
        66   361.302
        67   361.302
        68   361.302
        69   361.294
        70   360.389
        71   359.399
        72   359.252
        73   356.727
        74    353.28
        75   353.202
        76   352.902
        77   351.801
        78   351.671
        79   351.671
        80   351.665
        81    350.94
        82   350.134
        83   350.134
        84   350.122
        85   348.745
        86   347.029
        87   346.485
        88   345.869
        89   345.869
        90   345.869
        91   345.869
        92   345.869
        93   345.869
        94   345.869
        95   345.869
        96   345.869
        97   345.869
        98   345.869
        99   345.869
       100   345.869
       101   345.869
       102   345.869
       103   345.869
       104   345.869
       105   345.869
       106   345.869
       107   345.869
       108   345.869
       109   345.869
       110   345.869
       111   345.869
       112   345.869
       113   345.869
       114   345.869
       115   345.869
       116   345.861
       117   345.038
       118   343.817
       119   343.817
       120   343.817
       121   343.817
       122   343.817
       123   343.807
       124   342.658
       125    341.46
       126    341.46
       127   341.459
       128    341.23
       129   340.974
       130   340.561
       131   340.203
       132   340.203
       133   340.203
       134   340.203
       135   340.203
       136   340.203
       137   340.203
       138   340.203
       139   340.203
       140   340.203
       141   340.203
       142   340.203
       143   340.162
       144    339.32
       145   338.718
       146   336.364
       147   334.504
       148   333.327
       149   331.386
       150   331.386
       151   331.386
       152   331.386
       153   331.386
       154   331.386
       155   331.386
       156   331.378
       157   330.227
       158   329.374
       159   329.374
       160   329.374
       161   329.367
       162   328.495
       163   327.776
       164   327.711
       165   327.711
       166   327.709
       167   327.598
       168    325.49
       169   322.248
       170   321.917
       171   321.917
       172   321.917
       173   321.917
       174   321.917
       175   321.917
       176   321.917
       177    321.91
       178   321.122
       179   320.453
       180   320.453
       181   320.453
       182   320.453
       183   320.453
       184   320.453
       185    320.45
       186   320.178
       187   319.689
       188   319.683
       189   319.439
       190    318.52
       191   316.643
       192   312.407
       193   311.887
       194   311.887
       195   311.887
       196   311.887
       197   311.887
       198   311.887
       199   311.887
       200   311.887
       201   311.887
       202   311.887
       203   311.887
       204   311.887
       205   311.887
       206   311.887
       207   311.886
       208   311.844
       209   310.569
       210   309.472
       211   309.472
       212   309.472
       213   309.472
       214   309.472
       215   309.472
       216   309.472
       217   309.469
       218   309.001
       219   308.648
       220   308.599
       221   308.599
       222   308.599
       223   308.599
       224   308.599
       225   308.599
       226   308.599
       227   308.599
       228   308.599
       229   308.599
       230   308.599
       231   308.599
       232   308.599
       233   308.599
       234   308.599
       235   308.599
       236   308.599
       237   308.598
       238   308.365
       239   307.828
       240   307.359
       241   307.036
       242   307.031
       243   306.469
       244   305.803
       245   305.803
       246   305.803
       247   305.803
       248   305.803
       249   305.803
       250   305.803
       251   305.803
       252   305.803
       253   305.803
       254   305.803
       255   305.803
       256   305.803
       257   305.803
       258   305.803
       259   305.803
       260   305.803
       261   305.803
       262   305.803
       263   305.803
       264   305.803
       265   305.803
       266   305.803
       267   305.803
       268   305.803
       269   305.803
       270   305.803
       271   305.803
       272   305.803
       273   305.803
       274   305.803
       275   305.803
       276   305.803
       277   305.803
       278   305.803
       279   305.803
       280   305.803
       281   305.803
       282   305.803
       283   305.803
       284   305.803
       285   305.778
       286   305.759
       287   305.759
       288   305.759
       289   305.759
       290   305.759
       291   305.759
       292   305.756
       293   305.436
       294   305.087
       295   305.087
       296   305.087
       297   305.087
       298   305.087
       299   305.087
       300   305.087
       301   305.087
       302   305.087
       303   305.087
       304   305.087
       305   305.087
       306   305.087
       307   305.087
       308   305.087
       309   305.087
       310   305.087
       311   305.087
       312   305.087
       313   305.087
       314   305.087
       315   305.087
       316   305.087
       317   305.087
       318   305.087
       319   305.087
       320   305.087
       321   305.087
       322   305.087
       323   305.087
       324   305.087
       325   305.087
       326   305.087
       327   305.087
       328   305.087
       329   305.087
       330   305.087
       331   305.087
       332   305.087
       333   305.087
       334   305.087
       335   305.087
       336   305.087
       337   305.087
       338   305.087
       339   305.087
       340   305.087
       341   305.087
       342   305.087
       343   305.087
       344   305.087
       345   305.087
       346   305.087
       347   305.087
       348   305.087
       349   305.087
       350   305.087
       351   305.087
       352   305.087
       353   305.087
       354   305.087
       355   305.087
       356   305.087
       357   305.087
       358   305.087
       359   305.087
       360   305.086
       361   305.041
       362   304.928
       363   304.928
       364   304.928
       365   304.928
       366   304.928
       367   304.928
       368   304.928
       369   304.928
       370   304.928
       371   304.928
       372   304.928
       373   304.928
       374   304.928
       375   304.928
       376   304.928
       377   304.928
       378   304.928
       379   304.928
       380   304.928
       381   304.928
       382   304.928
       383   304.928
       384   304.928
       385   304.928
       386   304.928
       387   304.928
       388   304.928
       389   304.928
       390   304.928
       391   304.928
       392   304.928
       393   304.928
       394   304.928
       395   304.928
       396   304.928
       397   304.928
       398   304.928
       399   304.928
       400   304.928
       401   304.928
       402   304.928
       403   304.928
       404   304.928
       405   304.928
       406   304.928
       407   304.928
       408   304.928
       409   304.928
       410   304.928
       411   304.928
       412   304.928
       413   304.928
       414   304.928
       415   304.928
       416   304.928
       417   304.928
       418   304.928
       419   304.928
       420   304.928
       421   304.928
       422   304.928
       423   304.928
       424   304.928
       425   304.928
       426   304.928
       427   304.928
       428   304.917
       429   303.609
       430   297.475
       431   295.137
       432    294.42
       433    294.42
       434    294.42
       435    294.42
       436    294.42
       437    294.42
       438    294.42
       439    294.42
       440    294.42
       441   294.417
       442   294.117
       443   293.794
       444   293.794
       445   293.794
       446   293.794
       447   293.794
       448   293.794
       449   293.794
       450   293.794
       451   293.794
       452   293.794
       453   293.794
       454   293.794
       455   293.794
       456   293.794
       457   293.794
       458   293.794
       459   293.794
       460   293.794
       461   293.794
       462   293.794
       463   293.794
       464   293.794
       465   293.794
       466   293.794
       467   293.794
       468   293.794
       469   293.794
       470   293.794
       471   293.794
       472   293.794
       473   293.793
       474   293.632
       475   293.491
       476   293.491
       477   293.491
       478   293.491
       479   293.491
       480   293.491
       481   293.491
       482   293.491
       483   293.491
       484   293.491
       485   293.491
       486   293.491
       487   293.491
       488   293.491
       489   293.491
       490   293.491
       491   293.491
       492   293.491
       493   293.491
       494   293.491
       495   293.491
       496   293.491
       497   293.491
       498   293.491
       499   293.491
       500   293.491
       501   293.491
       502   293.491
       503   293.491
       504   293.483
       505   292.964
       506   290.858
       507   290.564
       508   290.564
       509   290.564
       510   290.564
       511   290.564
       512   290.564
       513   290.564
       514   290.564
       515   290.564
       516   290.564
       517   290.564
       518   290.564
       519   290.564
       520   290.564
       521   290.564
       522   290.564
       523   290.564
       524   290.564
       525   290.564
       526   290.564
       527   290.564
       528   290.564
       529   290.564
       530   290.564
       531   290.564
       532   290.564
       533   290.564
       534   290.564
       535   290.564
       536   290.564
       537   290.564
       538   290.564
       539   290.564
       540   290.564
       541   290.564
       542   290.564
       543   290.564
       544   290.564
       545   290.564
       546   290.564
       547   290.564
       548   290.564
       549   290.564
       550   290.564
       551   290.564
       552   290.564
       553   290.564
       554   290.564
       555   290.564
       556   290.564
       557   290.564
       558   290.564
       559   290.564
       560   290.564
       561   290.564
       562   290.564
       563   290.564
       564   290.564
       565   290.564
       566   290.564
       567   290.564
       568   290.564
       569   290.564
       570   290.564
       571   290.564
       572   290.564
       573   290.564
       574   290.564
       575   290.564
       576   290.564
       577   290.564
       578   290.564
       579   290.564
       580   290.564
       581   290.564
       582   290.564
       583   290.564
       584   290.564
       585   290.564
       586   290.564
       587   290.564
       588   290.564
       589   290.564
       590   290.564
       591   290.564
       592   290.564
       593   290.564
       594   290.564
       595   290.564
       596   290.564
       597   290.564
       598   290.564
       599   290.564
       600   290.564
       601   290.564
       602   290.564
       603   290.564
       604   290.564
       605   290.564
       606   290.564
       607   290.564
       608   290.564
       609   290.564
       610   290.564
       611   290.564
       612   290.564
       613   290.564
       614   290.564
       615   290.564
       616   290.564
       617   290.564
       618   290.564
       619   290.564
       620   290.564
       621   290.564
       622   290.564
       623   290.564
       624   290.564
       625   290.564
       626   290.564
       627   290.564
       628   290.564
       629   290.564
       630   290.564
       631   290.564
       632   290.564
       633   290.564
       634   290.564
       635   290.564
       636   290.564
       637   290.564
       638   290.564
       639   290.564
       640   290.564
       641   290.564
       642   290.564
       643   290.564
       644   290.564
       645   290.564
       646   290.564
       647   290.564
       648   290.564
       649   290.564
       650   290.564
       651   290.564
       652   290.564
       653   290.564
       654   290.564
       655   290.564
       656   290.564
       657   290.564
       658   290.564
       659   290.564
       660   290.564
       661   290.564
       662   290.564
       663   290.564
       664   290.564
       665   290.564
       666   290.564
       667   290.564
       668   290.564
       669   290.564
       670   290.564
       671   290.564
       672   290.564
       673   290.564
       674   290.564
       675   290.564
       676   290.564
       677   290.564
       678   290.564
       679   290.564
       680   290.564
       681   290.564
       682   290.564
       683   290.564
       684   290.564
       685   290.564
       686   290.564
       687   290.564
       688   290.564
       689   290.564
       690   290.564
       691   290.564
       692   290.564
       693   290.564
       694   290.564
       695   290.564
       696   290.564
       697   290.564
       698   290.564
       699   290.564
       700   290.564
       701   290.564
       702   290.564
       703   290.564
       704   290.564
       705   290.564
       706   290.564
       707   290.564
       708   290.564
       709   290.564
       710   290.564
       711   290.564
       712   290.564
       713   290.564
       714   290.564
       715   290.564
       716   290.564
       717   290.564
       718   290.564
       719   290.564
       720   290.564
       721   290.564
       722   290.564
       723   290.564
       724   290.564
       725   290.564
       726   290.564
       727   290.564
       728   290.564
       729   290.564
       730   290.564
       731   290.564
       732   290.564
       733   290.564
       734   290.564
       735   290.564
       736   290.564
       737   290.564
       738   290.564
       739   290.564
       740   290.564
       741   290.564
       742   290.564
       743   290.564
       744   290.564
       745   290.564
       746   290.558
       747   289.736
       748   289.007
       749   289.007
       750   289.007
       751   289.007
       752   289.007
       753   289.007
       754   289.007
       755   289.007
       756   289.007
       757   289.007
       758   289.007
       759   289.007
       760   289.007
       761   289.007
       762   289.007
       763   289.007
       764   289.007
       765   289.007
       766   289.007
       767   289.007
       768   289.007
       769   289.007
       770   289.007
       771   289.007
       772   289.007
       773   289.007
       774   289.007
       775   289.007
       776   289.007
       777   289.007
       778   289.007
       779   289.007
       780   289.007
       781   289.007
       782   289.007
       783   289.007
       784   289.007
       785   289.007
       786   289.007
       787   289.007
       788   289.007
       789   289.007
       790   289.007
       791   289.007
       792   289.007
       793   289.007
       794   289.007
       795   289.007
       796   289.007
       797   289.007
       798   289.007
       799   289.007
       800   289.007
       801   289.007
       802   289.007
       803   289.007
       804   289.007
       805   289.007
       806   289.007
       807   289.007
       808   289.007
       809   289.007
       810   289.007
       811   289.007
       812   289.007
       813   289.007
       814   289.007
       815   289.007
       816   289.007
       817   289.007
       818   289.007
       819   289.007
       820   289.007
       821   289.007
       822   289.007
       823   289.007
       824   289.007
       825   289.007
       826   289.007
       827   289.007
       828   289.007
       829   289.007
       830   289.007
       831   289.007
       832   289.007
       833   289.007
       834   289.007
       835   289.007
       836   289.007
       837   289.007
       838   289.007
       839   289.007
       840   289.007
       841   289.007
       842   289.007
       843   289.007
       844   289.007
       845   289.007
       846   289.007
       847   289.007
       848   289.007
       849   289.007
       850   289.007
       851   289.007
       852   289.007
       853   289.007
       854   289.007
       855   289.007
       856   289.007
       857   289.007
       858   289.007
       859   289.007
       860   289.007
       861   289.007
       862   289.007
       863   289.007
       864   289.007
       865   289.007
       866   289.007
       867   289.007
       868   289.007
       869   289.007
       870   289.007
       871   289.007
       872   289.007
       873   289.007
       874   289.007
       875   289.007
       876   289.007
       877   289.007
       878   289.007
       879   289.007
       880   289.007
       881   289.007
       882   289.007
       883   289.007
       884   289.007
       885   289.007
       886   289.007
       887   289.007
       888   289.007
       889   289.007
       890   289.007
       891   289.007
       892   289.007
       893   289.007
       894   289.007
       895   289.007
       896   289.007
       897   289.007
       898   289.007
       899   289.007
       900   289.007
       901   289.007
       902   289.007
       903   289.007
       904   289.007
       905   289.007
       906   289.007
       907   289.007
       908   289.007
       909   289.007
       910   289.007
       911   289.007
       912   289.007
       913   289.007
       914   289.007
       915   289.007
       916   289.007
       917   289.007
       918   289.007
       919   289.007
       920   289.007
       921   289.007
       922   289.007
       923   289.007
       924   289.007
       925   289.007
       926   289.007
       927   289.007
       928   289.007
       929   289.007
       930   289.007
       931   289.007
       932   289.007
       933   289.007
       934   289.007
       935   289.007
       936   289.007
       937   289.007
       938   289.007
       939   289.007
       940   289.007
       941   289.007
       942   289.007
       943   289.007
       944   289.007
       945   289.007
       946   289.007
       947   289.007
       948   289.007
       949   289.007
       950   289.007
       951   289.007
       952   289.007
       953   289.007
       954   289.007
       955   289.007
       956   289.007
       957   289.007
       958   289.007
       959   289.007
       960   289.007
       961   289.007
       962   289.007
       963   289.007
       964   289.007
       965   289.007
       966   289.007
       967   289.007
       968   289.007
       969   289.007
       970   289.007
       971   289.007
       972   289.007
       973   289.007
       974   289.007
       975   289.007
       976   289.007
       977   289.007
       978   289.007
       979   289.007
       980   289.007
       981   289.007
       982   289.007
       983   289.007
       984   289.007
       985   289.007
       986   289.007
       987   289.007
       988   289.007
       989   289.007
       990   289.007
       991   289.007
       992   289.007
       993   289.007
       994   289.007
       995   289.007
       996   289.007
       997   289.007
       998   289.007
       999   289.007
      1000   289.007
      1001   289.007
      1002   289.007
      1003   289.007
      1004   289.007
      1005   289.007
      1006   289.007
      1007   289.007
      1008   289.007
      1009   289.007
      1010   289.007
      1011   289.007
      1012   289.007
      1013   289.007
      1014   289.007
      1015   289.007
      1016   289.007
      1017   289.007
      1018   289.007
      1019   289.007
      1020   289.007
      1021   289.007
      1022   289.007
      1023   289.007
      1024   289.007
      1025   289.007
      1026   289.007
      1027   289.007
      1028   289.007
      1029   289.007
      1030   289.007
      1031   289.007
      1032   289.007
      1033   289.007
      1034   289.007
      1035   289.007
      1036   289.007
      1037   289.007
      1038   289.007
      1039   289.007
      1040   289.007
      1041   289.007
      1042   289.007
      1043   289.007
      1044   289.007
      1045   289.007
      1046   289.007
      1047   289.007
      1048   289.007
      1049   289.007
      1050   289.007
      1051   289.007
      1052   289.007
      1053   289.007
      1054   289.007
      1055   289.007
      1056   289.007
      1057   289.007
      1058   289.007
      1059   289.007
      1060   289.007
      1061   289.007
      1062   289.007
      1063   289.007
      1064   289.007
      1065   289.007
      1066   289.007
      1067   289.007
      1068   289.007
      1069   289.007
      1070   289.007
      1071   289.007
      1072   289.007
      1073   289.007
      1074   289.007
      1075   289.007
      1076   289.007
      1077   289.007
      1078   289.007
      1079   289.007
      1080   289.007
      1081   289.007
      1082   289.007
      1083   289.007
      1084   289.007
      1085   289.007
      1086   289.007
      1087   289.007
      1088   289.007
      1089   289.007
      1090   289.007
      1091   289.007
      1092   289.007
      1093   289.007
      1094   289.007
      1095   289.007
      1096   289.007
      1097   289.007
      1098   289.007
      1099   289.007
      1100   289.007
      1101   289.007
      1102   289.007
      1103   289.007
      1104   289.007
      1105   289.007
      1106   289.007
      1107   289.007
      1108   289.007
      1109   289.007
      1110   289.007
      1111   289.007
      1112   289.007
      1113   289.007
      1114   289.007
      1115   289.007
      1116   289.007
      1117   289.007
      1118   289.007
      1119   289.007
      1120   289.007
      1121   289.007
      1122   289.007
      1123   289.007
      1124   289.007
      1125   289.007
      1126   289.007
      1127   289.007
      1128   289.007
      1129   289.007
      1130   289.007
      1131   289.007
      1132   289.007
      1133   289.007
      1134   289.007
      1135   289.007
      1136   289.007
      1137   289.007
      1138   289.007
      1139   289.007
      1140   289.007
      1141   289.007
      1142   289.007
      1143   289.007
      1144   289.007
      1145   289.007
      1146   289.007
      1147   289.007
      1148   289.007
      1149   289.007
      1150   289.007
      1151   289.007
      1152   289.007
      1153   289.007
      1154   289.007
      1155   289.007
      1156   289.007
      1157   289.007
      1158   289.007
      1159   289.007
      1160   289.007
      1161   289.007
      1162   289.007
      1163   289.007
      1164   289.007
      1165   289.007
      1166   289.007
      1167   289.007
      1168   289.007
      1169   289.007
      1170   289.007
      1171   289.007
      1172   289.007
      1173   289.007
      1174   289.007
      1175   289.007
      1176   289.007
      1177   289.007
      1178   289.007
      1179   289.007
      1180   289.007
      1181   289.007
      1182   289.007
      1183   289.007
      1184   289.007
      1185   289.007
      1186   289.007
      1187   289.007
      1188   289.007
      1189   289.007
      1190   289.007
      1191   289.007
      1192   289.007
      1193   289.007
      1194   289.007
      1195   289.007
      1196   289.007
      1197   289.007
      1198   289.007
      1199   289.007
      1200   289.007
      1201   289.007
      1202   289.007
      1203   289.007
      1204   289.007
      1205   289.007
      1206   289.007
      1207   289.007
      1208   289.007
      1209   289.007
      1210   289.007
      1211   289.007
      1212   289.007
      1213   289.007
      1214   289.007
      1215   289.007
      1216   289.007
      1217   289.007
      1218   289.007
      1219   289.007
      1220   289.007
      1221   289.007
      1222   289.007
      1223   289.007
      1224   289.007
      1225   289.007
      1226   289.007
      1227   289.007
      1228   289.007
      1229   289.007
      1230   289.007
      1231   289.007
      1232   289.007
      1233   289.007
      1234   289.007
      1235   289.007
      1236   289.007
      1237   289.007
      1238   289.007
      1239   289.007
      1240   289.007
      1241   289.007
      1242   289.007
      1243   289.007
      1244   289.007
      1245   289.007
      1246   289.007
      1247   289.007
      1248   289.007
      1249   289.007
      1250   289.007
      1251   289.007
      1252   289.007
      1253   289.007
      1254   289.007
      1255   289.007
      1256   289.007
      1257   289.007
      1258   289.007
      1259   289.007
      1260   289.007
      1261   289.007
      1262   289.007
      1263   289.007
      1264   289.007
      1265   289.007
      1266   289.007
      1267   289.007
      1268   289.007
      1269   289.007
      1270   289.007
      1271   289.007
      1272   289.007
      1273   289.007
      1274   289.007
      1275   289.007
      1276   289.007
      1277   289.007
      1278   289.007
      1279   289.007
      1280   289.007
      1281   289.007
      1282   289.007
      1283   289.007
      1284   289.007
      1285   289.007
      1286   289.007
      1287   289.007
      1288   289.007
      1289   289.007
      1290   289.007
      1291   289.007
      1292   289.007
      1293   289.007
      1294   289.007
      1295   289.007
      1296   289.007
      1297   289.007
      1298   289.007
      1299   289.007
      1300   289.007
      1301   289.007
      1302   289.007
      1303   289.007
      1304   289.007
      1305   289.007
      1306   289.007
      1307   289.007
      1308   289.007
      1309   289.007
      1310   289.007
      1311   289.007
      1312   289.007
      1313   289.007
      1314   289.007
      1315   289.007
      1316   289.007
      1317   289.007
      1318   289.007
      1319   289.007
      1320   289.007
      1321   289.007
      1322   289.007
      1323   289.007
      1324   289.007
      1325   289.007
      1326   289.007
      1327   289.007
      1328   289.007
      1329   289.007
      1330   289.007
      1331   289.007
      1332   289.007
      1333   289.007
      1334   289.007
      1335   289.007
      1336   289.007
      1337   289.007
      1338   289.007
      1339   289.007
      1340   289.007
      1341   289.007
      1342   289.007
      1343   289.007
      1344   289.007
      1345   289.007
      1346   289.007
      1347   289.007
      1348   289.007
      1349   289.007
      1350   289.007
      1351   289.007
      1352   289.007
      1353   289.007
      1354   289.007
      1355   289.007
      1356   289.007
      1357   289.007
      1358   289.007
      1359   289.007
      1360   289.007
      1361   289.007
      1362   289.007
      1363   289.007
      1364   289.007
      1365   289.007
      1366   289.007
      1367   289.007
      1368   289.007
      1369   289.007
      1370   289.007
      1371   289.007
      1372   289.007
      1373   289.007
      1374   289.007
      1375   289.007
      1376   289.007
      1377   289.007
      1378   289.007
      1379   289.007
      1380   289.007
      1381   289.007
      1382   289.007
      1383   289.007
      1384   289.007
      1385   289.007
      1386   289.007
      1387   289.007
      1388   289.007
      1389   289.007
      1390   289.007
      1391   289.007
      1392   289.007
      1393   289.007
      1394   289.007
      1395   289.007
      1396   289.007
      1397   289.007
      1398   289.007
      1399   289.007
      1400   289.007
      1401   289.007
      1402   289.007
      1403   289.007
      1404   289.007
      1405   289.007
      1406   289.007
      1407   289.007
      1408   289.007
      1409   289.007
      1410   289.007
      1411   289.007
      1412   289.007
      1413   289.007
      1414   289.007
      1415   289.007
      1416   289.007
      1417   289.007
      1418   289.007
      1419   289.007
      1420   289.007
      1421   289.007
      1422   289.007
      1423   289.007
      1424   289.007
      1425   289.007
      1426   289.007
      1427   289.007
      1428   289.007
      1429   289.007
      1430   289.007
      1431   289.007
      1432   289.007
      1433   289.007
      1434   289.007
      1435   289.007
      1436   289.007
      1437   289.007
      1438   289.007
      1439   289.007
      1440   289.007
      1441   289.007
      1442   289.007
      1443   289.007
      1444   289.007
      1445   289.007
      1446   289.007
      1447   289.007
      1448   289.007
      1449   289.007
      1450   289.007
      1451   289.007
      1452   289.007
      1453   289.007
      1454   289.007
      1455   289.007
      1456   289.007
      1457   289.007
      1458   289.007
      1459   289.007
      1460   289.007
      1461   289.007
      1462   289.007
      1463   289.007
      1464   289.007
      1465   289.007
      1466   289.007
      1467   289.007
      1468   289.007
      1469   289.007
      1470   289.007
      1471   289.007
      1472   289.007
      1473   289.007
      1474   289.007
      1475   289.007
      1476   289.007
      1477   289.007
      1478   289.007
      1479   289.007
      1480   289.007
      1481   289.007
      1482   289.007
      1483   289.007
      1484   289.007
      1485   289.007
      1486   289.007
      1487   289.007
      1488   289.007
      1489   289.007
      1490   289.007
      1491   289.007
      1492   289.007
      1493   289.007
      1494   289.007
      1495   289.007
      1496   289.007
      1497   289.007
      1498   289.007
      1499   289.007
      1500   289.007
      1501   289.007
      1502   289.007
      1503   289.007
      1504   289.007
      1505   289.007
      1506   289.007
      1507   289.007
      1508   289.007
      1509   289.007
      1510   289.007
      1511   289.007
      1512   289.007
      1513   289.007
      1514   289.007
      1515   289.007
      1516   289.007
      1517   289.007
      1518   289.007
      1519   289.007
      1520   289.007
      1521   289.007
      1522   289.007
      1523   289.007
      1524   289.007
      1525   289.007
      1526   289.007
      1527   289.007
      1528   289.007
      1529   289.007
      1530   289.007
      1531   289.007
      1532   289.007
      1533   289.007
      1534   289.007
      1535   289.007
      1536   289.007
      1537   289.007
      1538   289.007
      1539   289.007
      1540   289.007
      1541   289.007
      1542   289.007
      1543   289.007
      1544   289.007
      1545   289.007
      1546   289.007
      1547   289.007
      1548   289.007
      1549   289.007
      1550   289.007
      1551   289.007
      1552   289.007
      1553   289.007
      1554   289.007
      1555   289.007
      1556   289.007
      1557   289.007
      1558   289.007
      1559   289.007
      1560   289.007
      1561   289.007
      1562   289.007
      1563   289.007
      1564   289.007
      1565   289.007
      1566   289.007
      1567   289.007
      1568   289.007
      1569   289.007
      1570   289.007
      1571   289.007
      1572   289.007
      1573   289.007
      1574   289.007
      1575   289.007
      1576   289.007
      1577   289.007
      1578   289.007
      1579   289.007
      1580   289.007
      1581   289.007
      1582   289.007
      1583   289.007
      1584   289.007
      1585   289.007
      1586   289.007
      1587   289.007
      1588   289.007
      1589   289.007
      1590   289.007
      1591   289.007
      1592   289.007
      1593   289.007
      1594   289.007
      1595   289.007
      1596   289.007
      1597   289.007
      1598   289.007
      1599   289.007
      1600   289.007
      1601   289.007
      1602   289.007
      1603   289.007
      1604   289.007
      1605   289.007
      1606   289.007
      1607   289.007
      1608   289.007
      1609   289.007
      1610   289.007
      1611   289.007
      1612   289.007
      1613   289.007
      1614   289.007
      1615   289.007
      1616   289.007
      1617   289.007
      1618   289.007
      1619   289.007
      1620   289.007
      1621   289.007
      1622   289.007
      1623   289.007
      1624   289.007
      1625   289.007
      1626   289.007
      1627   289.007
      1628   289.007
      1629   289.007
      1630   289.007
      1631   289.007
      1632   289.007
      1633   289.007
      1634   289.007
      1635   289.005
      1636   288.771
      1637   288.516
      1638   288.516
      1639   288.516
      1640   288.516
      1641   288.516
      1642   288.516
      1643   288.516
      1644   288.516
      1645   288.516
      1646   288.516
      1647   288.516
      1648   288.516
      1649   288.516
      1650   288.516
      1651   288.516
      1652   288.516
      1653   288.516
      1654   288.516
      1655   288.516
      1656   288.516
      1657   288.516
      1658   288.516
      1659   288.516
      1660   288.516
      1661   288.516
      1662   288.516
      1663   288.516
      1664   288.516
      1665   288.516
      1666   288.516
      1667   288.516
      1668   288.516
      1669   288.516
      1670   288.516
      1671   288.516
      1672   288.516
      1673   288.516
      1674   288.516
      1675   288.516
      1676   288.516
      1677   288.516
      1678   288.516
      1679   288.516
      1680   288.516
      1681   288.516
      1682   288.516
      1683   288.516
      1684   288.516
      1685   288.516
      1686   288.516
      1687   288.516
      1688   288.516
      1689   288.516
      1690   288.516
      1691   288.516
      1692   288.516
      1693   288.516
      1694   288.516
      1695   288.516
      1696   288.516
      1697   288.516
      1698   288.516
      1699   288.516
      1700   288.516
      1701   288.516
      1702   288.516
      1703   288.516
      1704   288.516
      1705   288.516
      1706   288.516
      1707   288.516
      1708   288.516
      1709   288.516
      1710   288.516
      1711   288.516
      1712   288.516
      1713   288.516
      1714   288.516
      1715   288.516
      1716   288.516
      1717   288.516
      1718   288.516
      1719   288.516
      1720   288.516
      1721   288.516
      1722   288.516
      1723   288.516
      1724   288.516
      1725   288.516
      1726   288.516
      1727   288.516
      1728   288.516
      1729   288.516
      1730   288.516
      1731   288.516
      1732   288.516
      1733   288.516
      1734   288.516
      1735   288.516
      1736   288.516
      1737   288.516
      1738   288.516
      1739   288.516
      1740   288.516
      1741   288.516
      1742   288.516
      1743   288.516
      1744   288.516
      1745   288.516
      1746   288.516
      1747   288.516
      1748   288.516
      1749   288.516
      1750   288.516
      1751   288.516
      1752   288.516
      1753   288.516
      1754   288.516
      1755   288.516
      1756   288.516
      1757   288.516
      1758   288.516
      1759   288.516
      1760   288.516
      1761   288.516
      1762   288.516
      1763   288.516
      1764   288.516
      1765   288.516
      1766   288.516
      1767   288.516
      1768   288.516
      1769   288.516
      1770   288.516
      1771   288.516
      1772   288.516
      1773   288.516
      1774   288.516
      1775   288.516
      1776   288.516
      1777   288.516
      1778   288.516
      1779   288.516
      1780   288.516
      1781   288.516
      1782   288.516
      1783   288.516
      1784   288.516
      1785   288.516
      1786   288.516
      1787   288.516
      1788   288.516
      1789   288.516
      1790   288.516
      1791   288.516
      1792   288.516
      1793   288.516
      1794   288.516
      1795   288.516
      1796   288.516
      1797   288.516
      1798   288.516
      1799   288.516
      1800   288.516
      1801   288.516
      1802   288.516
      1803   288.516
      1804   288.516
      1805   288.516
      1806   288.516
      1807   288.516
      1808   288.516
      1809   288.516
      1810   288.516
      1811   288.516
      1812   288.516
      1813   288.516
      1814   288.516
      1815   288.516
      1816   288.516
      1817   288.516
      1818   288.516
      1819   288.516
      1820   288.516
      1821   288.516
      1822   288.516
      1823   288.516
      1824   288.516
      1825   288.516
      1826   288.516
      1827   288.516
      1828   288.516
      1829   288.516
      1830   288.516
      1831   288.516
      1832   288.516
      1833   288.516
      1834   288.516
      1835   288.516
      1836   288.516
      1837   288.516
      1838   288.516
      1839   288.516
      1840   288.516
      1841   288.516
      1842   288.516
      1843   288.516
      1844   288.516
      1845   288.516
      1846   288.516
      1847   288.516
      1848   288.516
      1849   288.516
      1850   288.516
      1851   288.516
      1852   288.516
      1853   288.516
      1854   288.516
      1855   288.516
      1856   288.516
      1857   288.516
      1858   288.516
      1859   288.516
      1860   288.516
      1861   288.516
      1862   288.516
      1863   288.516
      1864   288.516
      1865   288.516
      1866   288.516
      1867   288.516
      1868   288.516
      1869   288.516
      1870   288.516
      1871   288.516
      1872   288.516
      1873   288.516
      1874   288.516
      1875   288.516
      1876   288.516
      1877   288.516
      1878   288.516
      1879   288.516
      1880   288.516
      1881   288.516
      1882   288.516
      1883   288.516
      1884   288.516
      1885   288.516
      1886   288.516
      1887   288.516
      1888   288.516
      1889   288.516
      1890   288.516
      1891   288.516
      1892   288.516
      1893   288.516
      1894   288.516
      1895   288.516
      1896   288.516
      1897   288.516
      1898   288.516
      1899   288.516
      1900   288.516
      1901   288.516
      1902   288.516
      1903   288.516
      1904   288.516
      1905   288.516
      1906   288.516
      1907   288.516
      1908   288.516
      1909   288.516
      1910   288.516
      1911   288.516
      1912   288.516
      1913   288.516
      1914   288.516
      1915   288.516
      1916   288.516
      1917   288.516
      1918   288.516
      1919   288.516
      1920   288.516
      1921   288.516
      1922   288.516
      1923   288.516
      1924   288.516
      1925   288.516
      1926   288.516
      1927   288.516
      1928   288.516
      1929   288.516
      1930   288.516
      1931   288.516
      1932   288.516
      1933   288.516
      1934   288.516
      1935   288.516
      1936   288.516
      1937   288.516
      1938   288.516
      1939   288.516
      1940   288.516
      1941   288.516
      1942   288.516
      1943   288.516
      1944   288.516
      1945   288.516
      1946   288.516
      1947   288.516
      1948   288.516
      1949   288.516
      1950   288.516
      1951   288.516
      1952   288.516
      1953   288.516
      1954   288.516
      1955   288.516
      1956   288.516
      1957   288.516
      1958   288.516
      1959   288.516
      1960   288.516
      1961   288.516
      1962   288.516
      1963   288.516
      1964   288.516
      1965   288.516
      1966   288.516
      1967   288.516
      1968   288.516
      1969   288.516
      1970   288.516
      1971   288.516
      1972   288.516
      1973   288.516
      1974   288.516
      1975   288.516
      1976   288.516
      1977   288.516
      1978   288.516
      1979   288.516
      1980   288.516
      1981   288.516
      1982   288.516
      1983   288.516
      1984   288.516
      1985   288.516
      1986   288.516
      1987   288.516
      1988   288.516
      1989   288.516
      1990   288.516
      1991   288.516
      1992   288.516
      1993   288.516
      1994   288.516
      1995   288.516
      1996   288.516
      1997   288.516
      1998   288.516
      1999   288.516
