         0   894.848
         1   806.032
         2   768.275
         3    740.37
         4   719.086
         5   669.121
         6   633.058
         7   594.358
         8    588.76
         9   579.044
        10   570.991
        11    562.13
        12   551.325
        13   549.575
        14    542.85
        15   528.324
        16   484.836
        17   463.107
        18   458.926
        19   453.854
        20   440.683
        21   431.583
        22   424.956
        23   422.748
        24   422.744
        25   422.071
        26   417.243
        27   413.771
        28   398.515
        29   386.071
        30   386.071
        31   386.067
        32   385.671
        33   385.023
        34   382.681
        35   381.322
        36   381.275
        37    381.27
        38   380.944
        39    379.43
        40   378.139
        41   375.202
        42     375.2
        43   375.082
        44   374.562
        45   374.557
        46   374.557
        47   374.557
        48   374.552
        49   373.997
        50   372.595
        51   371.865
        52   371.837
        53   369.749
        54   364.775
        55   364.775
        56   364.775
        57   364.775
        58   364.775
        59   364.761
        60   363.191
        61   361.295
        62   361.295
        63   361.295
        64   361.295
        65   361.295
        66    361.27
        67    360.24
        68   357.993
        69   357.868
        70   357.567
        71   357.395
        72   357.077
        73   356.219
        74   355.334
        75   355.334
        76   355.334
        77   355.334
        78   355.334
        79   355.334
        80    355.33
        81   354.995
        82   354.464
        83   353.204
        84   349.799
        85   348.452
        86   347.418
        87   345.486
        88   344.994
        89   344.994
        90   344.994
        91   344.989
        92   344.588
        93    343.69
        94   343.689
        95   343.689
        96   343.689
        97   343.689
        98   343.689
        99   343.689
       100   343.689
       101   343.689
       102   343.689
       103   343.689
       104   343.689
       105   343.606
       106   343.518
       107   343.518
       108   343.518
       109   343.518
       110   343.518
       111   343.518
       112   343.518
       113   343.518
       114   343.518
       115   343.518
       116   343.518
       117   343.508
       118   342.217
       119   340.916
       120   340.916
       121   340.916
       122   340.916
       123   340.916
       124   340.916
       125   340.916
       126   340.916
       127   340.916
       128   340.906
       129    340.43
       130   338.253
       131   336.769
       132   336.121
       133   336.121
       134   336.121
       135   336.121
       136   336.121
       137   336.121
       138   336.121
       139   336.121
       140   336.101
       141   334.133
       142   329.083
       143   327.957
       144   327.588
       145   327.296
       146   327.296
       147   327.296
       148   327.296
       149   327.296
       150   327.296
       151   327.295
       152   327.125
       153   326.899
       154   326.899
       155   326.899
       156    326.89
       157   325.655
       158    324.57
       159   320.838
       160   318.438
       161   318.433
       162   318.433
       163   318.433
       164   318.433
       165   318.433
       166   318.433
       167   318.433
       168   318.433
       169   318.431
       170   318.256
       171   317.868
       172   317.629
       173   316.675
       174   316.634
       175   316.634
       176   316.634
       177   316.634
       178   316.634
       179   316.632
       180   316.367
       181   315.943
       182   315.943
       183   315.943
       184   315.943
       185   315.943
       186   315.943
       187   315.943
       188   315.943
       189   315.943
       190   315.943
       191   315.943
       192   315.943
       193   315.943
       194   315.943
       195   315.943
       196   315.943
       197   315.934
       198   315.294
       199   313.669
       200   313.669
       201   313.669
       202   313.669
       203   313.669
       204   313.669
       205   313.669
       206   313.669
       207   313.669
       208   313.669
       209   313.669
       210   313.669
       211   313.669
       212   313.667
       213    313.42
       214   313.183
       215   313.183
       216   313.183
       217   313.183
       218   313.183
       219   313.183
       220   313.183
       221   313.183
       222   313.183
       223   313.183
       224   313.183
       225   313.183
       226   313.183
       227   313.183
       228   313.183
       229   313.183
       230   313.183
       231   313.183
       232   313.183
       233   313.183
       234   313.183
       235   313.183
       236   313.183
       237   313.183
       238   313.183
       239   313.183
       240   313.183
       241   313.183
       242   313.183
       243   313.183
       244   313.183
       245   313.183
       246   313.183
       247   313.183
       248   313.183
       249   313.183
       250   313.183
       251   313.183
       252   313.182
       253   312.955
       254   311.699
       255   310.849
       256   310.849
       257   310.849
       258   310.849
       259   310.849
       260   310.849
       261   310.849
       262   310.849
       263   310.849
       264   310.849
       265   310.849
       266   310.849
       267   310.849
       268   310.849
       269   310.849
       270   310.849
       271   310.849
       272   310.849
       273   310.849
       274   310.849
       275   310.849
       276   310.849
       277   310.849
       278   310.849
       279   310.849
       280   310.849
       281   310.849
       282   310.849
       283   310.849
       284   310.849
       285   310.849
       286   310.849
       287   310.849
       288   310.849
       289   310.849
       290   310.849
       291   310.849
       292   310.849
       293   310.849
       294   310.847
       295   310.746
       296   310.453
       297   310.446
       298   310.446
       299   310.446
       300   310.446
       301   310.446
       302   310.446
       303   310.446
       304   310.446
       305   310.446
       306   310.446
       307   310.446
       308   310.446
       309   310.446
       310   310.446
       311   310.446
       312   310.446
       313   310.446
       314   310.446
       315   310.446
       316   310.446
       317   310.446
       318   310.446
       319   310.446
       320   310.446
       321   310.446
       322   310.446
       323   310.446
       324   310.446
       325   310.446
       326   310.446
       327   310.446
       328   310.446
       329   310.446
       330   310.446
       331   310.446
       332   310.446
       333   310.441
       334   309.961
       335   309.204
       336   309.204
       337   309.203
       338   309.106
       339   308.971
       340   308.971
       341   308.971
       342   308.971
       343   308.971
       344   308.971
       345   308.971
       346   308.971
       347   308.971
       348   308.971
       349   308.971
       350   308.971
       351   308.971
       352   308.971
       353   308.971
       354   308.971
       355   308.971
       356   308.971
       357   308.971
       358   308.971
       359   308.971
       360   308.971
       361   308.971
       362   308.971
       363   308.971
       364   308.971
       365   308.971
       366   308.971
       367   308.971
       368   308.971
       369   308.971
       370   308.971
       371   308.971
       372   308.971
       373   308.971
       374   308.971
       375   308.971
       376   308.971
       377   308.971
       378   308.971
       379   308.971
       380   308.971
       381   308.971
       382   308.971
       383   308.971
       384   308.971
       385   308.971
       386   308.971
       387   308.971
       388   308.971
       389   308.971
       390   308.971
       391   308.971
       392   308.971
       393   308.971
       394   308.971
       395   308.971
       396   308.971
       397   308.971
       398   308.971
       399   308.971
       400   308.971
       401   308.971
       402   308.971
       403   308.971
       404   308.971
       405   308.971
       406   308.971
       407   308.971
       408   308.971
       409   308.971
       410   308.971
       411   308.971
       412   308.971
       413   308.971
       414   308.971
       415   308.971
       416   308.971
       417   308.971
       418   308.971
       419   308.971
       420   308.971
       421   308.971
       422   308.971
       423   308.971
       424   308.971
       425   308.971
       426   308.971
       427   308.971
       428   308.965
       429   308.455
       430   307.671
       431   307.671
       432   307.671
       433   307.671
       434   307.671
       435   307.671
       436   307.671
       437   307.669
       438   307.573
       439   307.416
       440   307.416
       441   307.416
       442   307.416
       443   307.416
       444   307.416
       445   307.416
       446   307.416
       447   307.416
       448   307.416
       449   307.416
       450   307.362
       451   307.301
       452   307.301
       453   307.301
       454   307.301
       455   307.301
       456   307.301
       457   307.301
       458   307.301
       459   307.301
       460   307.301
       461   307.301
       462   307.301
       463   307.301
       464   307.301
       465   307.301
       466   307.301
       467   307.301
       468   307.301
       469   307.301
       470   307.301
       471   307.301
       472   307.301
       473   307.301
       474   307.301
       475   307.301
       476   307.301
       477   307.301
       478   307.301
       479   307.301
       480   307.301
       481   307.301
       482   307.301
       483   307.301
       484   307.299
       485   307.052
       486   306.421
       487   306.151
       488   306.151
       489   306.151
       490   306.151
       491   306.151
       492   306.151
       493   306.151
       494   306.151
       495   306.151
       496   306.151
       497   306.151
       498   306.151
       499   306.151
       500   306.151
       501   306.151
       502   306.151
       503   306.151
       504   306.151
       505   306.151
       506   306.151
       507   306.151
       508   306.151
       509   306.151
       510   306.151
       511   306.151
       512   306.151
       513   306.151
       514   306.151
       515   306.151
       516   306.151
       517   306.151
       518   306.151
       519   306.151
       520   306.151
       521   306.151
       522   306.151
       523   306.151
       524   306.151
       525   306.151
       526   306.151
       527   306.151
       528   306.151
       529   306.151
       530   306.151
       531   306.151
       532   306.151
       533   306.151
       534   306.151
       535   306.151
       536   306.151
       537   306.151
       538   306.151
       539   306.151
       540   306.151
       541   306.151
       542   306.151
       543   306.151
       544   306.151
       545   306.151
       546   306.151
       547   306.151
       548   306.151
       549   306.151
       550   306.151
       551   306.151
       552   306.151
       553   306.151
       554   306.151
       555   306.151
       556   306.151
       557   306.151
       558   306.151
       559   306.151
       560   306.151
       561   306.151
       562   306.151
       563   306.151
       564   306.151
       565   306.151
       566   306.151
       567   306.151
       568   306.151
       569   306.151
       570   306.151
       571   306.151
       572   306.151
       573   306.151
       574   306.151
       575   306.151
       576   306.151
       577   306.151
       578   306.151
       579   306.151
       580   306.151
       581   306.151
       582   306.151
       583   306.151
       584   306.151
       585   306.151
       586   306.151
       587   306.151
       588   306.151
       589   306.151
       590   306.151
       591   306.151
       592   306.151
       593   306.151
       594   306.151
       595   306.151
       596   306.151
       597   306.151
       598   306.151
       599   306.151
       600   306.151
       601   306.151
       602   306.151
       603   306.151
       604   306.151
       605   306.151
       606   306.151
       607   306.151
       608   306.151
       609   306.151
       610   306.151
       611   306.151
       612   306.151
       613   306.151
       614   306.151
       615   306.151
       616   306.151
       617   306.151
       618    306.15
       619   306.073
       620   306.009
       621   306.009
       622   306.009
       623   306.009
       624   306.009
       625   306.009
       626   306.009
       627   306.009
       628   306.009
       629   306.009
       630   306.009
       631   306.004
       632   305.086
       633   302.834
       634   302.834
       635   302.834
       636   302.834
       637   302.834
       638   302.832
       639   302.593
       640   300.395
       641     299.4
       642     299.4
       643     299.4
       644     299.4
       645     299.4
       646     299.4
       647     299.4
       648     299.4
       649     299.4
       650     299.4
       651     299.4
       652     299.4
       653     299.4
       654     299.4
       655     299.4
       656     299.4
       657     299.4
       658     299.4
       659     299.4
       660     299.4
       661     299.4
       662     299.4
       663     299.4
       664     299.4
       665     299.4
       666     299.4
       667     299.4
       668     299.4
       669     299.4
       670     299.4
       671     299.4
       672     299.4
       673     299.4
       674     299.4
       675     299.4
       676     299.4
       677     299.4
       678     299.4
       679     299.4
       680     299.4
       681     299.4
       682     299.4
       683     299.4
       684     299.4
       685     299.4
       686     299.4
       687     299.4
       688     299.4
       689     299.4
       690     299.4
       691     299.4
       692     299.4
       693     299.4
       694     299.4
       695     299.4
       696     299.4
       697     299.4
       698     299.4
       699     299.4
       700     299.4
       701     299.4
       702     299.4
       703     299.4
       704     299.4
       705     299.4
       706     299.4
       707     299.4
       708     299.4
       709   299.395
       710   298.783
       711   298.136
       712   298.136
       713   298.136
       714   298.136
       715   298.136
       716   298.136
       717   298.136
       718   298.136
       719   298.136
       720   298.136
       721   298.136
       722   298.136
       723   298.136
       724   298.136
       725   298.136
       726   298.136
       727   298.136
       728   298.136
       729   298.136
       730   298.136
       731   298.136
       732   298.136
       733   298.127
       734   297.477
       735   295.725
       736   295.725
       737   295.725
       738   295.725
       739   295.725
       740   295.725
       741   295.725
       742   295.725
       743   295.725
       744   295.725
       745   295.725
       746   295.725
       747   295.725
       748   295.725
       749   295.725
       750    295.71
       751    294.56
       752   291.998
       753   291.998
       754   291.998
       755   291.998
       756   291.998
       757   291.998
       758   291.998
       759   291.998
       760   291.998
       761   291.998
       762   291.998
       763   291.998
       764   291.998
       765   291.998
       766   291.998
       767   291.998
       768   291.998
       769   291.998
       770   291.998
       771   291.998
       772   291.998
       773   291.998
       774   291.998
       775   291.998
       776   291.998
       777   291.998
       778   291.998
       779   291.997
       780   291.934
       781   290.853
       782   289.811
       783   289.811
       784   289.811
       785   289.811
       786   289.811
       787   289.811
       788   289.811
       789   289.811
       790   289.811
       791   289.811
       792   289.811
       793   289.811
       794   289.811
       795   289.811
       796   289.811
       797   289.811
       798   289.811
       799   289.811
       800   289.811
       801   289.811
       802   289.811
       803   289.811
       804   289.811
       805   289.811
       806   289.811
       807   289.811
       808   289.811
       809   289.811
       810   289.811
       811   289.811
       812   289.811
       813   289.811
       814   289.811
       815   289.811
       816   289.811
       817   289.811
       818   289.811
       819   289.811
       820   289.811
       821   289.811
       822   289.811
       823   289.811
       824   289.811
       825   289.811
       826   289.811
       827   289.811
       828   289.811
       829   289.811
       830   289.811
       831   289.811
       832   289.811
       833   289.811
       834   289.811
       835   289.811
       836   289.811
       837   289.811
       838   289.811
       839   289.811
       840   289.811
       841   289.811
       842   289.811
       843   289.811
       844   289.811
       845   289.811
       846   289.811
       847   289.811
       848   289.811
       849   289.811
       850   289.811
       851   289.811
       852   289.811
       853   289.811
       854   289.811
       855   289.811
       856   289.811
       857   289.811
       858   289.811
       859   289.811
       860   289.811
       861   289.811
       862   289.811
       863   289.811
       864   289.811
       865   289.811
       866   289.811
       867   289.811
       868   289.811
       869   289.811
       870   289.811
       871   289.811
       872   289.811
       873   289.811
       874   289.811
       875   289.811
       876   289.811
       877   289.811
       878   289.811
       879   289.811
       880   289.811
       881   289.811
       882   289.811
       883   289.811
       884   289.811
       885   289.811
       886   289.811
       887   289.811
       888   289.811
       889   289.811
       890   289.811
       891   289.811
       892   289.811
       893   289.811
       894   289.811
       895   289.811
       896   289.811
       897   289.811
       898   289.811
       899   289.811
       900   289.811
       901   289.811
       902   289.811
       903   289.811
       904   289.811
       905   289.811
       906   289.811
       907   289.811
       908   289.811
       909   289.811
       910   289.811
       911   289.811
       912   289.811
       913   289.811
       914   289.811
       915   289.811
       916   289.811
       917   289.811
       918   289.811
       919   289.811
       920   289.811
       921   289.811
       922   289.811
       923   289.811
       924   289.811
       925   289.811
       926   289.811
       927   289.811
       928   289.811
       929   289.811
       930   289.811
       931   289.811
       932   289.811
       933   289.811
       934   289.811
       935   289.811
       936   289.811
       937   289.811
       938   289.811
       939   289.811
       940   289.811
       941   289.811
       942   289.811
       943   289.811
       944   289.811
       945   289.811
       946   289.811
       947   289.811
       948   289.811
       949   289.811
       950   289.811
       951   289.811
       952   289.811
       953   289.811
       954   289.811
       955   289.811
       956   289.811
       957   289.811
       958   289.811
       959   289.811
       960   289.811
       961   289.811
       962   289.811
       963   289.811
       964   289.811
       965   289.811
       966   289.811
       967   289.811
       968   289.811
       969   289.811
       970   289.811
       971   289.811
       972   289.811
       973   289.811
       974   289.811
       975   289.811
       976   289.811
       977   289.811
       978   289.811
       979   289.811
       980   289.811
       981   289.811
       982   289.811
       983   289.811
       984   289.811
       985   289.811
       986   289.811
       987   289.811
       988   289.811
       989   289.811
       990   289.811
       991   289.811
       992   289.811
       993   289.811
       994   289.811
       995   289.811
       996   289.811
       997   289.811
       998   289.811
       999   289.811
      1000   289.811
      1001   289.811
      1002   289.811
      1003   289.811
      1004   289.811
      1005   289.811
      1006   289.811
      1007   289.811
      1008   289.811
      1009   289.811
      1010   289.811
      1011   289.811
      1012   289.811
      1013   289.811
      1014   289.811
      1015   289.811
      1016   289.811
      1017   289.811
      1018   289.811
      1019   289.811
      1020   289.811
      1021   289.811
      1022   289.811
      1023   289.811
      1024   289.811
      1025   289.811
      1026   289.811
      1027   289.811
      1028   289.811
      1029   289.811
      1030   289.811
      1031   289.811
      1032   289.811
      1033   289.811
      1034   289.811
      1035   289.811
      1036   289.811
      1037   289.811
      1038   289.811
      1039   289.811
      1040   289.811
      1041   289.811
      1042   289.811
      1043   289.811
      1044   289.811
      1045   289.811
      1046   289.811
      1047   289.811
      1048   289.811
      1049   289.811
      1050   289.811
      1051   289.811
      1052   289.811
      1053   289.811
      1054   289.811
      1055   289.811
      1056   289.811
      1057   289.811
      1058   289.811
      1059   289.811
      1060   289.811
      1061   289.811
      1062   289.811
      1063   289.811
      1064   289.811
      1065   289.811
      1066   289.811
      1067   289.811
      1068   289.811
      1069   289.811
      1070   289.811
      1071   289.811
      1072   289.811
      1073   289.811
      1074   289.811
      1075   289.811
      1076   289.811
      1077   289.811
      1078   289.811
      1079   289.811
      1080   289.811
      1081   289.811
      1082   289.811
      1083   289.811
      1084   289.811
      1085   289.811
      1086   289.811
      1087   289.811
      1088   289.811
      1089   289.811
      1090   289.811
      1091   289.811
      1092   289.811
      1093   289.811
      1094   289.811
      1095   289.811
      1096   289.811
      1097   289.811
      1098   289.811
      1099   289.811
      1100   289.811
      1101   289.811
      1102   289.811
      1103   289.811
      1104   289.811
      1105   289.811
      1106   289.811
      1107   289.811
      1108   289.811
      1109   289.811
      1110   289.811
      1111   289.811
      1112   289.811
      1113   289.811
      1114   289.811
      1115   289.811
      1116   289.811
      1117   289.811
      1118   289.811
      1119   289.811
      1120   289.811
      1121   289.811
      1122   289.811
      1123   289.811
      1124   289.811
      1125   289.811
      1126   289.811
      1127   289.811
      1128   289.811
      1129   289.811
      1130   289.811
      1131   289.811
      1132   289.811
      1133   289.811
      1134   289.811
      1135   289.811
      1136   289.811
      1137   289.811
      1138   289.811
      1139   289.811
      1140   289.811
      1141   289.811
      1142   289.811
      1143   289.811
      1144   289.811
      1145   289.811
      1146   289.811
      1147   289.811
      1148   289.811
      1149   289.811
      1150   289.811
      1151   289.811
      1152   289.811
      1153   289.811
      1154   289.811
      1155   289.811
      1156   289.811
      1157   289.811
      1158   289.811
      1159   289.811
      1160   289.811
      1161   289.811
      1162   289.811
      1163   289.811
      1164   289.811
      1165   289.811
      1166   289.811
      1167   289.811
      1168   289.811
      1169   289.811
      1170   289.811
      1171   289.811
      1172   289.811
      1173   289.811
      1174   289.811
      1175   289.811
      1176   289.811
      1177   289.811
      1178   289.811
      1179   289.811
      1180   289.811
      1181   289.811
      1182   289.811
      1183   289.811
      1184   289.811
      1185   289.811
      1186   289.811
      1187   289.811
      1188   289.811
      1189   289.811
      1190   289.811
      1191   289.811
      1192   289.811
      1193   289.811
      1194   289.811
      1195   289.811
      1196   289.811
      1197   289.811
      1198   289.811
      1199   289.811
      1200   289.811
      1201   289.811
      1202   289.811
      1203   289.811
      1204   289.811
      1205   289.811
      1206   289.811
      1207   289.811
      1208   289.811
      1209   289.811
      1210   289.811
      1211   289.811
      1212   289.811
      1213   289.811
      1214   289.811
      1215   289.811
      1216   289.811
      1217   289.811
      1218   289.811
      1219   289.811
      1220   289.811
      1221   289.811
      1222   289.811
      1223   289.811
      1224   289.811
      1225   289.811
      1226   289.811
      1227   289.811
      1228   289.811
      1229   289.811
      1230   289.811
      1231   289.811
      1232   289.811
      1233   289.811
      1234   289.811
      1235   289.811
      1236   289.811
      1237   289.811
      1238   289.811
      1239   289.811
      1240   289.811
      1241   289.811
      1242   289.811
      1243   289.811
      1244   289.811
      1245   289.811
      1246   289.811
      1247   289.811
      1248   289.811
      1249   289.811
      1250   289.811
      1251   289.811
      1252   289.811
      1253   289.811
      1254   289.811
      1255   289.811
      1256   289.811
      1257   289.811
      1258   289.811
      1259   289.811
      1260   289.811
      1261   289.811
      1262   289.811
      1263   289.811
      1264   289.811
      1265   289.811
      1266   289.811
      1267   289.811
      1268   289.811
      1269   289.811
      1270   289.811
      1271   289.811
      1272   289.811
      1273   289.811
      1274   289.811
      1275   289.811
      1276   289.811
      1277   289.811
      1278   289.811
      1279   289.811
      1280   289.811
      1281   289.811
      1282   289.811
      1283   289.811
      1284   289.811
      1285   289.811
      1286   289.811
      1287   289.811
      1288   289.811
      1289   289.811
      1290   289.811
      1291   289.811
      1292   289.811
      1293   289.811
      1294   289.811
      1295   289.811
      1296   289.811
      1297   289.811
      1298   289.811
      1299   289.811
      1300   289.811
      1301   289.811
      1302   289.811
      1303   289.811
      1304   289.811
      1305   289.811
      1306   289.811
      1307   289.811
      1308   289.811
      1309   289.811
      1310   289.811
      1311   289.811
      1312   289.811
      1313   289.811
      1314   289.811
      1315   289.811
      1316   289.811
      1317   289.811
      1318   289.811
      1319   289.811
      1320   289.811
      1321   289.811
      1322   289.811
      1323   289.811
      1324   289.811
      1325   289.811
      1326   289.811
      1327   289.811
      1328   289.811
      1329   289.811
      1330   289.811
      1331   289.811
      1332   289.811
      1333   289.811
      1334   289.811
      1335   289.811
      1336   289.811
      1337   289.811
      1338   289.811
      1339   289.811
      1340   289.811
      1341   289.811
      1342   289.811
      1343   289.811
      1344   289.811
      1345   289.811
      1346   289.811
      1347   289.811
      1348   289.811
      1349   289.811
      1350   289.811
      1351   289.811
      1352   289.811
      1353   289.811
      1354   289.811
      1355   289.811
      1356   289.811
      1357   289.811
      1358   289.811
      1359   289.811
      1360   289.811
      1361   289.811
      1362   289.811
      1363   289.811
      1364   289.811
      1365   289.811
      1366   289.811
      1367   289.811
      1368   289.811
      1369   289.811
      1370   289.811
      1371   289.811
      1372   289.811
      1373   289.811
      1374   289.811
      1375   289.811
      1376   289.811
      1377   289.811
      1378   289.811
      1379   289.811
      1380   289.811
      1381   289.811
      1382   289.811
      1383   289.811
      1384   289.811
      1385   289.811
      1386   289.811
      1387   289.811
      1388   289.811
      1389   289.811
      1390   289.811
      1391   289.811
      1392   289.811
      1393   289.811
      1394   289.811
      1395   289.811
      1396   289.811
      1397   289.811
      1398   289.811
      1399   289.811
      1400   289.811
      1401   289.811
      1402   289.811
      1403   289.811
      1404   289.811
      1405   289.811
      1406   289.811
      1407   289.811
      1408   289.811
      1409   289.811
      1410   289.811
      1411   289.811
      1412   289.811
      1413   289.811
      1414   289.811
      1415   289.811
      1416   289.811
      1417   289.811
      1418   289.811
      1419   289.811
      1420   289.811
      1421   289.811
      1422   289.811
      1423   289.811
      1424   289.811
      1425   289.811
      1426   289.811
      1427   289.811
      1428   289.811
      1429   289.811
      1430   289.811
      1431   289.811
      1432   289.811
      1433   289.811
      1434   289.811
      1435   289.811
      1436   289.811
      1437   289.811
      1438   289.811
      1439   289.811
      1440   289.811
      1441   289.811
      1442   289.811
      1443   289.811
      1444   289.811
      1445   289.811
      1446   289.811
      1447   289.811
      1448   289.811
      1449   289.811
      1450   289.811
      1451   289.811
      1452   289.811
      1453   289.811
      1454   289.811
      1455   289.811
      1456   289.811
      1457   289.811
      1458   289.811
      1459   289.811
      1460   289.811
      1461   289.811
      1462   289.811
      1463   289.811
      1464   289.811
      1465   289.811
      1466   289.811
      1467   289.811
      1468   289.811
      1469   289.811
      1470   289.811
      1471   289.811
      1472   289.811
      1473   289.811
      1474   289.811
      1475   289.811
      1476   289.811
      1477   289.811
      1478   289.811
      1479   289.811
      1480   289.811
      1481   289.811
      1482   289.811
      1483   289.811
      1484   289.811
      1485   289.811
      1486   289.811
      1487   289.811
      1488   289.811
      1489   289.811
      1490   289.811
      1491   289.811
      1492   289.811
      1493   289.811
      1494   289.811
      1495   289.811
      1496   289.811
      1497   289.811
      1498   289.811
      1499   289.811
      1500   289.811
      1501   289.811
      1502   289.811
      1503   289.811
      1504   289.811
      1505   289.811
      1506   289.811
      1507   289.811
      1508   289.811
      1509   289.811
      1510   289.811
      1511   289.811
      1512   289.811
      1513   289.811
      1514   289.811
      1515   289.811
      1516   289.811
      1517   289.811
      1518   289.811
      1519   289.811
      1520   289.811
      1521   289.811
      1522   289.811
      1523   289.811
      1524   289.811
      1525   289.811
      1526   289.811
      1527   289.811
      1528   289.811
      1529   289.811
      1530   289.811
      1531   289.811
      1532   289.811
      1533   289.811
      1534   289.811
      1535   289.811
      1536   289.811
      1537   289.811
      1538   289.811
      1539   289.811
      1540   289.811
      1541   289.811
      1542   289.811
      1543   289.811
      1544   289.811
      1545   289.811
      1546   289.811
      1547   289.811
      1548   289.811
      1549   289.811
      1550   289.811
      1551   289.811
      1552   289.811
      1553   289.811
      1554   289.811
      1555   289.811
      1556   289.811
      1557   289.811
      1558   289.811
      1559   289.811
      1560   289.811
      1561   289.811
      1562   289.811
      1563   289.811
      1564   289.811
      1565   289.811
      1566   289.811
      1567   289.811
      1568   289.811
      1569   289.811
      1570   289.811
      1571   289.811
      1572   289.811
      1573   289.811
      1574   289.811
      1575   289.811
      1576   289.811
      1577   289.811
      1578   289.811
      1579   289.811
      1580   289.811
      1581   289.811
      1582   289.811
      1583   289.811
      1584   289.811
      1585   289.811
      1586   289.811
      1587   289.811
      1588   289.811
      1589   289.811
      1590   289.811
      1591   289.811
      1592   289.811
      1593   289.811
      1594   289.811
      1595   289.811
      1596   289.811
      1597   289.811
      1598   289.811
      1599   289.811
      1600   289.811
      1601   289.811
      1602   289.811
      1603   289.811
      1604   289.811
      1605   289.811
      1606   289.811
      1607   289.811
      1608   289.811
      1609   289.811
      1610   289.811
      1611   289.811
      1612   289.811
      1613   289.811
      1614   289.811
      1615   289.811
      1616   289.811
      1617   289.811
      1618   289.811
      1619   289.811
      1620   289.811
      1621   289.811
      1622   289.811
      1623   289.811
      1624   289.811
      1625   289.811
      1626   289.811
      1627   289.811
      1628   289.811
      1629   289.811
      1630   289.811
      1631   289.811
      1632   289.811
      1633   289.811
      1634   289.811
      1635   289.811
      1636   289.811
      1637   289.811
      1638   289.811
      1639   289.811
      1640   289.811
      1641   289.811
      1642   289.811
      1643   289.811
      1644   289.811
      1645   289.811
      1646   289.811
      1647   289.811
      1648   289.811
      1649   289.811
      1650   289.811
      1651   289.811
      1652   289.811
      1653   289.811
      1654   289.811
      1655   289.811
      1656   289.811
      1657   289.811
      1658   289.811
      1659   289.811
      1660   289.811
      1661   289.811
      1662   289.811
      1663   289.811
      1664   289.811
      1665   289.811
      1666   289.811
      1667   289.811
      1668   289.811
      1669   289.811
      1670   289.811
      1671   289.811
      1672   289.811
      1673   289.811
      1674   289.811
      1675   289.811
      1676   289.811
      1677   289.811
      1678   289.811
      1679   289.811
      1680   289.811
      1681   289.811
      1682   289.811
      1683   289.811
      1684   289.811
      1685   289.811
      1686   289.811
      1687   289.811
      1688   289.811
      1689   289.811
      1690   289.811
      1691   289.811
      1692   289.811
      1693   289.811
      1694   289.811
      1695   289.811
      1696   289.811
      1697   289.811
      1698   289.811
      1699   289.811
      1700   289.811
      1701   289.811
      1702   289.811
      1703   289.811
      1704   289.811
      1705   289.811
      1706   289.811
      1707   289.811
      1708   289.811
      1709   289.811
      1710   289.811
      1711   289.811
      1712   289.811
      1713   289.811
      1714   289.811
      1715   289.811
      1716   289.811
      1717   289.811
      1718   289.811
      1719   289.811
      1720   289.811
      1721   289.811
      1722   289.811
      1723   289.811
      1724   289.811
      1725   289.811
      1726   289.811
      1727   289.811
      1728   289.811
      1729   289.811
      1730   289.811
      1731   289.811
      1732   289.811
      1733   289.811
      1734   289.811
      1735   289.811
      1736   289.811
      1737   289.811
      1738   289.811
      1739   289.811
      1740   289.811
      1741   289.811
      1742   289.811
      1743   289.811
      1744   289.811
      1745   289.811
      1746   289.811
      1747   289.811
      1748   289.811
      1749   289.811
      1750   289.811
      1751   289.811
      1752   289.811
      1753   289.811
      1754   289.811
      1755   289.811
      1756   289.811
      1757   289.811
      1758   289.811
      1759   289.811
      1760   289.811
      1761   289.811
      1762   289.811
      1763   289.811
      1764   289.811
      1765   289.811
      1766   289.811
      1767   289.811
      1768   289.811
      1769   289.811
      1770   289.811
      1771   289.811
      1772   289.811
      1773   289.811
      1774   289.811
      1775   289.811
      1776   289.811
      1777   289.811
      1778   289.811
      1779   289.811
      1780   289.811
      1781   289.811
      1782   289.811
      1783   289.811
      1784   289.811
      1785   289.811
      1786   289.811
      1787   289.811
      1788   289.811
      1789   289.811
      1790   289.811
      1791   289.811
      1792   289.811
      1793   289.811
      1794   289.811
      1795   289.811
      1796   289.811
      1797   289.811
      1798   289.811
      1799   289.811
      1800   289.811
      1801   289.811
      1802   289.811
      1803   289.811
      1804   289.811
      1805   289.811
      1806   289.811
      1807   289.811
      1808   289.811
      1809   289.811
      1810   289.811
      1811   289.811
      1812   289.811
      1813   289.811
      1814   289.811
      1815   289.811
      1816   289.811
      1817   289.811
      1818   289.811
      1819   289.811
      1820   289.811
      1821   289.811
      1822   289.811
      1823   289.811
      1824   289.811
      1825   289.811
      1826   289.811
      1827   289.811
      1828   289.811
      1829   289.811
      1830   289.811
      1831   289.811
      1832   289.811
      1833   289.811
      1834   289.811
      1835   289.811
      1836   289.811
      1837   289.811
      1838   289.811
      1839   289.811
      1840   289.811
      1841   289.811
      1842   289.811
      1843   289.811
      1844   289.811
      1845   289.811
      1846   289.811
      1847   289.811
      1848   289.811
      1849   289.811
      1850   289.811
      1851   289.811
      1852   289.811
      1853   289.811
      1854   289.811
      1855   289.811
      1856   289.811
      1857   289.811
      1858   289.811
      1859    289.81
      1860   289.702
      1861   289.583
      1862   289.583
      1863   289.583
      1864   289.583
      1865   289.583
      1866   289.583
      1867   289.583
      1868   289.583
      1869   289.583
      1870   289.583
      1871   289.583
      1872   289.583
      1873   289.583
      1874   289.583
      1875   289.583
      1876   289.583
      1877   289.583
      1878   289.583
      1879   289.583
      1880   289.583
      1881   289.583
      1882   289.583
      1883   289.583
      1884   289.583
      1885   289.583
      1886   289.583
      1887   289.583
      1888   289.583
      1889   289.583
      1890   289.583
      1891   289.583
      1892   289.583
      1893   289.583
      1894   289.583
      1895   289.583
      1896   289.583
      1897   289.583
      1898   289.583
      1899   289.583
      1900   289.583
      1901   289.583
      1902   289.583
      1903   289.583
      1904   289.583
      1905   289.583
      1906   289.583
      1907   289.583
      1908   289.583
      1909   289.583
      1910   289.583
      1911   289.583
      1912   289.583
      1913   289.583
      1914   289.583
      1915   289.583
      1916   289.583
      1917   289.583
      1918   289.583
      1919   289.583
      1920   289.583
      1921   289.583
      1922   289.583
      1923   289.583
      1924   289.583
      1925   289.583
      1926   289.583
      1927   289.583
      1928   289.583
      1929   289.583
      1930   289.583
      1931   289.583
      1932   289.583
      1933   289.583
      1934   289.583
      1935   289.583
      1936   289.583
      1937   289.583
      1938   289.583
      1939   289.583
      1940   289.583
      1941   289.583
      1942   289.583
      1943   289.583
      1944   289.583
      1945   289.583
      1946   289.583
      1947   289.583
      1948   289.583
      1949   289.583
      1950   289.583
      1951   289.583
      1952   289.583
      1953   289.583
      1954   289.583
      1955   289.583
      1956   289.583
      1957   289.583
      1958   289.583
      1959   289.583
      1960   289.583
      1961   289.583
      1962   289.583
      1963   289.583
      1964   289.583
      1965   289.583
      1966   289.583
      1967   289.583
      1968   289.583
      1969   289.583
      1970   289.583
      1971   289.583
      1972   289.583
      1973   289.583
      1974   289.583
      1975   289.583
      1976   289.583
      1977   289.583
      1978   289.583
      1979   289.583
      1980   289.583
      1981   289.583
      1982   289.583
      1983   289.583
      1984   289.583
      1985   289.583
      1986   289.583
      1987   289.583
      1988   289.583
      1989   289.583
      1990   289.583
      1991   289.583
      1992   289.583
      1993   289.583
      1994   289.583
      1995   289.583
      1996   289.583
      1997   289.583
      1998   289.583
      1999   289.583
