                 2               100           1.33632           1.34955         0.0100377
              1.99               100           1.45202           1.36974          0.008734
              1.98               100           1.35208           1.39722         0.0104714
              1.97               100           1.38668           1.38697         0.0103577
              1.96               100           1.37086           1.42437         0.0108234
              1.95               100           1.55278           1.42737         0.0098081
              1.94               100           1.33588           1.43203         0.0108248
              1.93               100           1.48783           1.47491         0.0108723
              1.92               100           1.60438           1.48745          0.012034
              1.91               100           1.43891           1.49983         0.0105186
               1.9               100           1.36059           1.49322         0.0117667
              1.89               100           1.49553           1.52889         0.0111199
              1.88               100           1.60706           1.52951         0.0115378
              1.87               100           1.49219           1.56377         0.0113072
              1.86               100           1.59135           1.56191         0.0125258
              1.85               100           1.69509           1.60001         0.0138245
              1.84               100           1.55761           1.63437         0.0117568
              1.83               100           1.83864            1.6411         0.0121787
              1.82               100           1.55736           1.66234          0.013527
              1.81               100           1.56566           1.68644         0.0137935
               1.8               100            1.7708           1.65479         0.0135544
              1.79               100           1.53162           1.71751         0.0120165
              1.78               100           1.73631            1.7068         0.0136541
              1.77               100           1.81021           1.74094         0.0138502
              1.76               100           1.68773           1.78416         0.0145908
              1.75               100           1.64837           1.80329         0.0149763
              1.74               100           1.82975           1.79562         0.0117596
              1.73               100           1.59686           1.84931          0.014841
              1.72               100           1.84153           1.87859         0.0154891
              1.71               100           1.86929           1.87523         0.0162158
               1.7               100            1.8408           1.90055         0.0147078
              1.69               100           1.94443           1.92925         0.0147044
              1.68               100           1.85395           1.95954         0.0134243
              1.67               100           1.64699           1.97578         0.0161689
              1.66               100           2.16106           1.99843         0.0161806
              1.65               100            2.0399           2.01241         0.0160176
              1.64               100           2.23985           2.07748         0.0166185
              1.63               100           1.96236           2.10794         0.0184315
              1.62               100           1.78311            2.1111         0.0174976
              1.61               100           2.13819           2.18325         0.0170156
               1.6               100            2.4943           2.18327         0.0183194
              1.59               100           2.44453           2.18554         0.0172159
              1.58               100           2.16638           2.23604         0.0213123
              1.57               100           2.23103           2.30727         0.0189975
              1.56               100           2.30046           2.33906          0.021474
              1.55               100           2.21326           2.33005         0.0212668
              1.54               100           2.42239           2.38323         0.0199611
              1.53               100           1.93663           2.42109         0.0200264
              1.52               100           2.40742           2.46332          0.019978
              1.51               100           2.55931           2.49492         0.0211793
               1.5               100           2.55083           2.52173         0.0231148
              1.49               100           2.83125           2.56483         0.0231298
              1.48               100           2.60081           2.66164         0.0264469
              1.47               100           2.58101            2.6332         0.0205712
              1.46               100           2.79786           2.71433         0.0253548
              1.45               100           2.86356           2.77117         0.0259212
              1.44               100           2.99561           2.82614         0.0269656
              1.43               100           2.95491           2.82725         0.0273628
              1.42               100           3.00913           2.81881         0.0253366
              1.41               100           3.38774           2.92923         0.0300748
               1.4               100           2.41371           2.98129         0.0332344
              1.39               100           2.90153           3.02541         0.0300876
              1.38               100           2.70307            3.0673         0.0296113
              1.37               100           3.39866           3.13196         0.0260567
              1.36               100           3.13194           3.18872         0.0303543
              1.35               100           3.59319           3.28939         0.0306713
              1.34               100           2.96018           3.38508         0.0320567
              1.33               100           4.25305           3.39107          0.037197
              1.32               100           3.51339            3.5095         0.0386441
              1.31               100           3.35432           3.51546         0.0401177
               1.3               100           4.06363           3.60996         0.0438891
              1.29               100           3.53203            3.6375         0.0408506
              1.28               100            4.1075           3.65122         0.0396334
              1.27               100            4.0594           3.79948         0.0405813
              1.26               100           2.99537           3.90922         0.0440504
              1.25               100           3.93427           3.93423         0.0392286
              1.24               100           3.94671           4.06536         0.0470292
              1.23               100           4.31135           4.15806         0.0540652
              1.22               100           2.98387           4.16231         0.0499571
              1.21               100           3.77739           4.24929         0.0530093
               1.2               100            4.4086           4.42603         0.0427522
              1.19               100           4.46393           4.46256         0.0493554
              1.18               100           4.85634           4.68458          0.047813
              1.17               100           4.87802           4.72102         0.0556135
              1.16               100           6.17641           4.86545         0.0576177
              1.15               100           4.49176           4.88195         0.0574679
              1.14               100           4.17523           5.04888         0.0644517
              1.13               100           4.98761            5.1138         0.0693058
              1.12               100           4.74643           5.27253         0.0676443
              1.11               100           7.15957           5.45014         0.0663739
               1.1               100           4.90953           5.53192         0.0711647
              1.09               100           5.67736           5.77639         0.0735721
              1.08               100           5.26978           5.80613         0.0754909
              1.07               100           6.90191           6.02468         0.0774349
              1.06               100           4.90611           6.24339         0.0819073
              1.05               100           7.83238           6.62731         0.0865456
              1.04               100           6.12485           6.61304         0.0956146
              1.03               100           7.06703           6.69525         0.0905818
              1.02               100           9.08941           6.94452          0.103441
              1.01               100           6.74527           7.12795         0.0915828
                 1               100           5.41096           7.27478          0.114089
              0.99               100           7.87442           7.50164          0.126472
              0.98               100           7.29461           7.74935          0.130429
              0.97               100           11.8204           8.04569          0.129504
              0.96               100           6.62117           8.39693          0.133479
              0.95               100           10.9391           8.78397          0.151232
              0.94               100           8.61174           9.12988          0.167583
              0.93               100           6.58572            9.3143          0.186806
              0.92               100           8.52757           9.61962          0.161701
              0.91               100           11.2859           9.93082          0.169898
               0.9               100           9.44844           10.2546          0.177906
              0.89               100           15.2449           10.6448          0.197089
              0.88               100           9.30245           11.0913          0.211059
              0.87               100            12.815           11.5048          0.212909
              0.86               100           11.3646           12.0812          0.248465
              0.85               100           12.3649           12.3105          0.249491
              0.84               100           14.4353           12.6329          0.242484
              0.83               100           15.6501           13.7059          0.261996
              0.82               100           11.8255           13.8855          0.303985
              0.81               100             14.82           14.4642          0.267327
               0.8               100              8.58           15.8577          0.378222
              0.79               100           15.8577           15.6207          0.348167
              0.78               100           24.2389           16.8126          0.373076
              0.77               100           11.4835           17.6741          0.410866
              0.76               100            15.036           18.4674          0.374715
              0.75               100           18.5764           19.8112          0.467391
              0.74               100           19.2357           20.5024          0.484643
              0.73               100           20.9236           21.1183          0.507905
              0.72               100           23.6391           22.7113          0.516452
              0.71               100           30.1448           23.2268             0.551
               0.7               100           24.0247           24.9366          0.589412
              0.69               100           29.4653           25.3544          0.617824
              0.68               100            35.058           28.2782          0.660286
              0.67               100           15.6291           30.5184          0.785351
              0.66               100           22.8573           31.8369          0.841979
              0.65               100           28.9506            33.046          0.825226
              0.64               100           32.8753           35.1555          0.825456
              0.63               100           36.9488           38.4931           1.10559
              0.62               100           49.4088           40.3533          0.992078
              0.61               100           39.7399           43.9741           1.03148
               0.6               100           48.2823           43.7334           1.17037
              0.59               100           48.7429           47.1682           1.16932
              0.58               100           56.0343           50.3929           1.37936
              0.57               100           50.5241            52.173           1.55072
              0.56               100           45.7604           57.5153           1.44925
              0.55               100           47.8778           61.0977           1.29357
              0.54               100           51.7044           64.3555           1.35947
              0.53               100           53.7896           66.7329           1.44998
              0.52               100           61.0251           70.1809           1.56854
              0.51               100           52.9724           74.3073           1.60311
