                 2               100          0.205204          0.194884       0.000883832
              1.99               100          0.179834          0.196475       0.000971473
              1.98               100          0.200614            0.1999       0.000986045
              1.97               100          0.212914          0.201351       0.000990165
              1.96               100          0.188114           0.20173       0.000924596
              1.95               100          0.221209          0.203315       0.000941932
              1.94               100          0.208437          0.204945        0.00097135
              1.93               100          0.202163          0.206256        0.00102441
              1.92               100          0.215396          0.209027        0.00105531
              1.91               100          0.204507          0.210607        0.00104371
               1.9               100          0.202772          0.211489       0.000991433
              1.89               100          0.212885          0.214467        0.00110995
              1.88               100          0.223712           0.21511        0.00104719
              1.87               100          0.226644          0.217605       0.000909867
              1.86               100           0.23531           0.22002        0.00111284
              1.85               100          0.245938          0.222607        0.00122204
              1.84               100          0.231891          0.223649        0.00112301
              1.83               100          0.243373          0.223726        0.00110881
              1.82               100          0.234581          0.226848        0.00100845
              1.81               100          0.222682          0.229145        0.00118427
               1.8               100          0.224442          0.229918        0.00121977
              1.79               100          0.221863           0.23036        0.00109667
              1.78               100          0.243712          0.233494        0.00117886
              1.77               100           0.26152          0.235204        0.00126317
              1.76               100          0.232866          0.236726        0.00136674
              1.75               100          0.246442          0.241342        0.00112303
              1.74               100          0.255704          0.240467        0.00132777
              1.73               100          0.222816          0.242385        0.00131579
              1.72               100          0.236806          0.244486        0.00119073
              1.71               100              0.24          0.246785        0.00126773
               1.7               100           0.24196          0.248656        0.00120901
              1.69               100          0.265008          0.248796        0.00123891
              1.68               100          0.263146          0.252018        0.00152853
              1.67               100          0.242881          0.256525        0.00143925
              1.66               100          0.256724          0.257079        0.00124616
              1.65               100          0.264966          0.256948        0.00130063
              1.64               100          0.262889          0.261534        0.00130438
              1.63               100          0.285724          0.263875        0.00124418
              1.62               100          0.269363           0.26415        0.00127938
              1.61               100          0.267679          0.268384        0.00147167
               1.6               100            0.2902          0.269595        0.00142589
              1.59               100           0.28219          0.272002        0.00153542
              1.58               100          0.238346          0.273033        0.00160953
              1.57               100          0.284266          0.278189        0.00140207
              1.56               100          0.257005           0.28185        0.00154309
              1.55               100          0.278722          0.280948        0.00138793
              1.54               100          0.281794          0.280593        0.00147888
              1.53               100          0.286894          0.286081        0.00169394
              1.52               100          0.259828          0.286413        0.00152639
              1.51               100          0.285494          0.290317        0.00168307
               1.5               100          0.298976          0.290607        0.00165027
              1.49               100          0.309723          0.294262         0.0017561
              1.48               100           0.27693          0.298745        0.00135385
              1.47               100          0.305152           0.29913        0.00157156
              1.46               100          0.294419          0.302626        0.00178975
              1.45               100          0.302804          0.302625        0.00162603
              1.44               100          0.333299          0.307376        0.00182559
              1.43               100          0.305832          0.309452        0.00159346
              1.42               100          0.293478          0.310601        0.00188656
              1.41               100          0.337547          0.316652        0.00173497
               1.4               100            0.3292          0.315803        0.00200223
              1.39               100          0.337803          0.317386        0.00189981
              1.38               100          0.336077          0.321482        0.00177992
              1.37               100          0.335971          0.325199        0.00202408
              1.36               100          0.325729          0.326604        0.00183979
              1.35               100          0.357144          0.327678        0.00183877
              1.34               100          0.338951          0.333247        0.00204168
              1.33               100          0.338084          0.333966        0.00213087
              1.32               100          0.319478          0.337092        0.00205985
              1.31               100            0.3539           0.34269        0.00210388
               1.3               100          0.360745          0.342278        0.00211119
              1.29               100          0.335121          0.344541        0.00208874
              1.28               100            0.3745          0.347735        0.00204986
              1.27               100          0.392249          0.347837         0.0020915
              1.26               100          0.371358           0.35661        0.00218317
              1.25               100          0.373865          0.356243        0.00219811
              1.24               100           0.33748          0.359728         0.0022927
              1.23               100          0.367417          0.364032        0.00214752
              1.22               100          0.393893          0.366296        0.00227478
              1.21               100          0.338295          0.364067        0.00221068
               1.2               100          0.336042          0.371448        0.00216324
              1.19               100          0.417575          0.373444        0.00251431
              1.18               100           0.35318          0.373868        0.00252933
              1.17               100           0.35262           0.37532         0.0026369
              1.16               100          0.397259          0.382309        0.00271021
              1.15               100          0.393301          0.385619        0.00265679
              1.14               100          0.394026          0.386949        0.00243898
              1.13               100          0.357052          0.390129        0.00270712
              1.12               100          0.420755          0.389639        0.00278301
              1.11               100          0.397994          0.390911        0.00242398
               1.1               100          0.340922          0.395189        0.00301635
              1.09               100          0.367862          0.399508         0.0028715
              1.08               100          0.413331           0.39599        0.00268383
              1.07               100          0.405964          0.404912        0.00282995
              1.06               100          0.441593          0.405417        0.00306502
              1.05               100          0.433001          0.405869        0.00292202
              1.04               100          0.418696          0.412226         0.0036536
              1.03               100          0.464748          0.408647        0.00305433
              1.02               100          0.477795          0.411609        0.00348189
              1.01               100          0.372983          0.412307        0.00286152
                 1               100          0.396133          0.415965        0.00333319
              0.99               100          0.410549          0.414916        0.00330165
              0.98               100          0.406092          0.418587        0.00310589
              0.97               100            0.4698          0.420635        0.00339567
              0.96               100          0.409861          0.429211        0.00321769
              0.95               100          0.466127          0.426028        0.00349973
              0.94               100           0.49818          0.425905        0.00369816
              0.93               100          0.454161          0.431791        0.00357917
              0.92               100          0.444754           0.42782        0.00404036
              0.91               100          0.416413          0.427804        0.00360873
               0.9               100          0.421058          0.430568        0.00405256
              0.89               100          0.468828          0.432632        0.00408702
              0.88               100          0.452231          0.432922        0.00384569
              0.87               100          0.439245          0.434777        0.00433848
              0.86               100          0.365101          0.432884        0.00450344
              0.85               100          0.435515          0.438488        0.00406604
              0.84               100          0.442982          0.432701         0.0048318
              0.83               100           0.49148          0.444407        0.00401144
              0.82               100          0.325465           0.43368        0.00433725
              0.81               100          0.462562          0.431221        0.00496589
               0.8               100          0.423388          0.429925        0.00506689
              0.79               100          0.473719          0.428087        0.00540901
              0.78               100           0.52092            0.4364        0.00533108
              0.77               100          0.364544          0.437425        0.00498147
              0.76               100          0.451659          0.431383        0.00563366
              0.75               100          0.560057          0.441859        0.00534098
              0.74               100          0.430448          0.432875        0.00669168
              0.73               100          0.398622          0.423945        0.00674632
              0.72               100          0.525047          0.419212        0.00637984
              0.71               100          0.387549          0.433855        0.00676819
               0.7               100          0.501319          0.422364        0.00703496
              0.69               100           0.45903          0.413654          0.006289
              0.68               100          0.384498           0.42612        0.00687875
              0.67               100          0.321069           0.42618        0.00727878
              0.66               100          0.289263          0.421146        0.00789051
              0.65               100          0.397712          0.420838        0.00741156
              0.64               100          0.442749           0.42671        0.00705702
              0.63               100          0.439398          0.410013        0.00673714
              0.62               100          0.616771          0.411337        0.00784434
              0.61               100          0.550593          0.411742         0.0078663
               0.6               100          0.451111           0.39761        0.00837744
              0.59               100           0.36818          0.395927        0.00811267
              0.58               100          0.419477          0.368024        0.00821969
              0.57               100           0.41571          0.359327        0.00839766
              0.56               100          0.424963          0.366999        0.00905068
              0.55               100          0.379874          0.365733        0.00848889
              0.54               100          0.414814          0.358305        0.00997808
              0.53               100          0.324888          0.346315        0.00958843
              0.52               100          0.306627           0.31639        0.00904805
              0.51               100          0.304813          0.288451         0.0108977
