                 2               100            0.0288          0.025938         0.0016595
              1.99               100           0.06472         0.0268188        0.00163282
              1.98               100           0.04832          0.023964        0.00186194
              1.97               100           0.04976          0.030376        0.00153392
              1.96               100            0.0512         0.0263444        0.00178596
              1.95               100           0.02764         0.0266328        0.00168649
              1.94               100          -0.00304         0.0244916        0.00184869
              1.93               100            0.0334         0.0305956        0.00179699
              1.92               100           0.04056         0.0337088        0.00149989
              1.91               100            0.0174         0.0277084         0.0017038
               1.9               100           0.06128          0.025712        0.00206676
              1.89               100           0.01716           0.03206        0.00194823
              1.88               100           0.01972         0.0268148        0.00178062
              1.87               100           0.03408         0.0323848        0.00166103
              1.86               100           0.04036         0.0269848        0.00184472
              1.85               100            0.0256           0.03219        0.00186908
              1.84               100           0.04172          0.033748        0.00194495
              1.83               100           0.02868         0.0321908        0.00189097
              1.82               100           0.01076         0.0323904        0.00191082
              1.81               100           0.03552         0.0328096        0.00200512
               1.8               100           0.04664         0.0353184         0.0019039
              1.79               100           0.06352         0.0371368        0.00187946
              1.78               100            0.0684         0.0365388        0.00226885
              1.77               100           0.05708         0.0340016        0.00200008
              1.76               100           0.03724         0.0345624        0.00212487
              1.75               100            0.0034         0.0385176        0.00223292
              1.74               100           0.06252         0.0405408        0.00206948
              1.73               100           0.04268          0.035538        0.00197279
              1.72               100           0.01252         0.0366244        0.00259166
              1.71               100            0.0572         0.0374428         0.0021677
               1.7               100            0.0424         0.0394136        0.00229581
              1.69               100           0.07004          0.040024         0.0022471
              1.68               100          -0.01248           0.03714         0.0022412
              1.67               100           0.03288          0.039542        0.00219957
              1.66               100           0.03832           0.04104        0.00224233
              1.65               100             0.025          0.037288        0.00207692
              1.64               100            0.1054         0.0437852        0.00242958
              1.63               100           0.05116         0.0405196        0.00220812
              1.62               100            0.0446          0.045732        0.00217837
              1.61               100           0.05184         0.0476248        0.00247715
               1.6               100            0.0704          0.043496         0.0023635
              1.59               100           0.06764             0.048        0.00223844
              1.58               100           0.03584           0.04571        0.00249753
              1.57               100           0.03412         0.0419988        0.00235964
              1.56               100           0.07596         0.0448572        0.00265465
              1.55               100            0.1144         0.0471736        0.00260945
              1.54               100           0.01148         0.0478232        0.00230037
              1.53               100           0.03636         0.0482376         0.0024147
              1.52               100            0.0804         0.0531576        0.00267813
              1.51               100           0.02092         0.0482172        0.00225883
               1.5               100           0.01328         0.0487188        0.00280254
              1.49               100           0.06176         0.0499072        0.00225579
              1.48               100           0.06772           0.05236        0.00296317
              1.47               100           0.05228           0.05406        0.00283583
              1.46               100           0.09212         0.0503844        0.00253035
              1.45               100           0.02608          0.062056        0.00268238
              1.44               100           0.07172          0.053006        0.00277842
              1.43               100           0.05216         0.0568196        0.00288342
              1.42               100           0.02368         0.0528688        0.00289933
              1.41               100           0.08496         0.0557664        0.00280363
               1.4               100            0.1012         0.0574848        0.00286466
              1.39               100           0.04548         0.0584936        0.00307607
              1.38               100           0.07088         0.0567648        0.00294727
              1.37               100           0.11372         0.0628068        0.00305055
              1.36               100           0.06348           0.05953        0.00297166
              1.35               100           0.04628         0.0666564        0.00332286
              1.34               100           0.06592         0.0656592        0.00312738
              1.33               100          -0.01588         0.0653812         0.0033431
              1.32               100           0.10412         0.0708348        0.00368262
              1.31               100           0.13012         0.0730284        0.00372664
               1.3               100           0.13076         0.0745832        0.00397031
              1.29               100           0.00644         0.0724468        0.00377895
              1.28               100           0.08908         0.0824784        0.00336376
              1.27               100           0.07868         0.0764428        0.00409464
              1.26               100           0.06012         0.0755984        0.00395926
              1.25               100           0.06504         0.0762228        0.00386618
              1.24               100           0.06204         0.0770468        0.00349129
              1.23               100           0.12652         0.0808484        0.00398616
              1.22               100            0.0528         0.0841384        0.00399021
              1.21               100           0.11612         0.0890492        0.00428586
               1.2               100           0.09036          0.090964        0.00365898
              1.19               100           0.13008          0.095718        0.00409975
              1.18               100           0.09104         0.0954596        0.00474024
              1.17               100           0.13356          0.101353        0.00453176
              1.16               100           0.06504         0.0865392        0.00445131
              1.15               100           0.12336          0.097326        0.00463108
              1.14               100            0.0446         0.0967444        0.00454546
              1.13               100           0.09712          0.104114          0.004921
              1.12               100           0.11404           0.10747         0.0047402
              1.11               100            0.0922          0.101609        0.00481953
               1.1               100           0.13016          0.108014        0.00505087
              1.09               100           0.14744          0.105032        0.00522217
              1.08               100           0.11172          0.117914         0.0051679
              1.07               100           0.08304          0.117853        0.00560043
              1.06               100           0.17604          0.123353        0.00542073
              1.05               100           0.05688          0.129813        0.00520547
              1.04               100           0.01248          0.119804        0.00586684
              1.03               100           0.11224          0.126312        0.00641035
              1.02               100           0.03224          0.122729        0.00667615
              1.01               100           0.23576          0.142822        0.00646117
                 1               100           0.13804          0.149068        0.00609831
              0.99               100           0.27752          0.159195        0.00770148
              0.98               100           0.12856          0.163899         0.0073522
              0.97               100           0.15672          0.156282         0.0071259
              0.96               100           0.11588          0.164277        0.00647925
              0.95               100           0.14632          0.162744        0.00814825
              0.94               100           0.05216          0.171212        0.00797409
              0.93               100           0.34552          0.188451        0.00850276
              0.92               100           0.12912          0.199248        0.00859183
              0.91               100           0.21232          0.187466        0.00922977
               0.9               100           0.15188          0.198468        0.00820653
              0.89               100            0.2516          0.214752        0.00998843
              0.88               100           0.20744          0.221946        0.00995045
              0.87               100           0.22264          0.228742        0.00981564
              0.86               100           0.28364          0.217318        0.00977414
              0.85               100           0.23116          0.246658         0.0093389
              0.84               100            0.1574          0.247824         0.0117165
              0.83               100           0.25204          0.250396         0.0117461
              0.82               100           0.17744          0.278238         0.0118083
              0.81               100           0.35232          0.276171         0.0124293
               0.8               100           0.15428          0.280663         0.0128908
              0.79               100           0.40388          0.299406         0.0120436
              0.78               100           0.41432          0.303447         0.0137805
              0.77               100           0.11776             0.307         0.0135971
              0.76               100             0.356          0.325352         0.0142768
              0.75               100           0.31748          0.340296         0.0140573
              0.74               100           0.26828          0.381712         0.0144105
              0.73               100           0.41328          0.385745         0.0161221
              0.72               100           0.47124          0.391264         0.0178516
              0.71               100              0.57          0.405708          0.018401
               0.7               100           0.38108          0.418861         0.0184046
              0.69               100            0.6618          0.410237         0.0191526
              0.68               100           0.51036          0.449552         0.0209999
              0.67               100           0.68248           0.49635         0.0201182
              0.66               100            0.6802          0.508332         0.0208456
              0.65               100           0.62312          0.547791         0.0206263
              0.64               100            0.7826           0.57999         0.0220684
              0.63               100             0.617            0.6205          0.020357
              0.62               100           0.57996          0.639242          0.023169
              0.61               100           0.51304          0.627616         0.0250426
               0.6               100           0.85912          0.654721         0.0234554
              0.59               100           0.73644          0.691386           0.02545
              0.58               100           0.85536          0.713885         0.0249617
              0.57               100            0.9022          0.759242         0.0205581
              0.56               100           0.90304          0.750214         0.0263566
              0.55               100           0.89796          0.760757         0.0263119
              0.54               100           0.90144          0.778659         0.0303004
              0.53               100            0.9006          0.828808         0.0254658
              0.52               100           0.96596           0.85035         0.0265677
              0.51               100              0.92          0.896685         0.0168665
