                 2                 1             -0.12             -0.12                 0
                 2                 2             -0.36             -0.24              0.12
                 2                 3             -0.52         -0.333333          0.116237
                 2                 4             -0.68             -0.42          0.119443
                 2                 5              -0.6            -0.456         0.0992774
                 2                 6             -0.44         -0.453333         0.0811035
                 2                 7             -0.44         -0.451429         0.0685714
                 2                 8             -0.36             -0.44         0.0604743
                 2                 9             -0.36         -0.431111          0.054069
                 2                10             -0.44            -0.432          0.048369
                 2                11             -0.52             -0.44         0.0444768
                 2                12             -0.44             -0.44         0.0406015
                 2                13             -0.36         -0.433846         0.0378516
                 2                14             -0.52             -0.44           0.03558
                 2                15             -0.52         -0.445333         0.0335498
                 2                16             -0.68             -0.46          0.034641
                 2                17             -0.68         -0.472941         0.0350185
                 2                18              -0.6             -0.48          0.033762
                 2                19             -0.36         -0.473684         0.0325541
                 2                20             -0.28            -0.464         0.0323663
                 2                21             -0.52         -0.466667         0.0309018
                 2                22             -0.52         -0.469091         0.0295633
                 2                23             -0.28          -0.46087         0.0294207
                 2                24             -0.52         -0.463333         0.0282757
                 2                25             -0.36           -0.4592         0.0274343
                 2                26             -0.52         -0.461538         0.0264615
                 2                27             -0.44         -0.460741         0.0254751
                 2                28             -0.44             -0.46         0.0245596
                 2                29              -0.6         -0.464828         0.0241843
                 2                30             -0.68            -0.472         0.0244404
                 2                31             -0.52         -0.473548         0.0236895
                 2                32              -0.6           -0.4775         0.0232752
                 2                33             -0.52         -0.478788         0.0225956
                 2                34              -0.6         -0.482353         0.0222089
                 2                35              -0.6         -0.485714         0.0218255
                 2                36             -0.12         -0.475556         0.0235178
                 2                37             -0.28          -0.47027          0.023476
                 2                38             -0.36         -0.467368         0.0230334
                 2                39             -0.36         -0.464615         0.0226033
                 2                40             -0.68             -0.47         0.0226795
                 2                41              -0.6         -0.473171         0.0223455
                 2                42             -0.68         -0.478095         0.0223561
                 2                43             -0.52          -0.47907         0.0218517
                 2                44             -0.44         -0.478182         0.0213678
                 2                45             -0.36         -0.475556          0.021052
                 2                46             -0.44         -0.474783         0.0206038
                 2                47             -0.52         -0.475745         0.0201836
                 2                48             -0.52         -0.476667         0.0197801
                 2                49             -0.28         -0.472653         0.0197836
                 2                50              -0.6           -0.4752         0.0195505
                 2                51             -0.36         -0.472941          0.019296
                 2                52             -0.52         -0.473846         0.0189429
                 2                53             -0.52         -0.474717         0.0186025
                 2                54             -0.44         -0.474074         0.0182661
                 2                55             -0.52         -0.474909         0.0179503
                 2                56             -0.44         -0.474286         0.0176379
                 2                57             -0.28         -0.470877         0.0176578
                 2                58             -0.44         -0.470345         0.0173588
                 2                59             -0.36         -0.468475         0.0171643
                 2                60             -0.36         -0.466667         0.0169723
                 2                61              -0.6         -0.468852         0.0168343
                 2                62             -0.52         -0.469677         0.0165811
                 2                63             -0.44         -0.469206         0.0163226
                 2                64             -0.68           -0.4725         0.0163996
                 2                65             -0.52         -0.473231         0.0161619
                 2                66             -0.44         -0.472727         0.0159231
                 2                67             -0.52         -0.473433         0.0156995
                 2                68             -0.52         -0.474118         0.0154821
                 2                69             -0.52         -0.474783         0.0152705
                 2                70             -0.52         -0.475429         0.0150646
                 2                71             -0.28         -0.472676         0.0151039
                 2                72              -0.2         -0.468889         0.0153666
                 2                73              -0.2         -0.465205         0.0155959
                 2                74             -0.28         -0.462703         0.0155859
                 2                75              -0.6         -0.464533         0.0154853
                 2                76             -0.28         -0.462105         0.0154719
                 2                77             -0.52         -0.462857         0.0152881
                 2                78             -0.52          -0.46359         0.0151086
                 2                79             -0.36         -0.462278         0.0149737
                 2                80             -0.44            -0.462          0.014788
                 2                81              -0.6         -0.463704         0.0147033
                 2                82             -0.52          -0.46439         0.0145391
                 2                83              -0.6         -0.466024         0.0144555
                 2                84             -0.52         -0.466667         0.0142968
                 2                85             -0.68         -0.469176         0.0143488
                 2                86             -0.52         -0.469767         0.0141933
                 2                87             -0.52         -0.470345         0.0140411
                 2                88             -0.44             -0.47         0.0138849
                 2                89             -0.52         -0.470562         0.0137395
                 2                90             -0.52         -0.471111         0.0135971
                 2                91              -0.6         -0.472527         0.0135212
                 2                92             -0.68         -0.474783         0.0135622
                 2                93             -0.28         -0.472688         0.0135781
                 2                94             -0.52         -0.473191         0.0134423
                 2                95              -0.6         -0.474526         0.0133669
                 2                96             -0.44         -0.474167         0.0132318
                 2                97             -0.36          -0.47299         0.0131475
                 2                98             -0.28          -0.47102         0.0131608
                 2                99             -0.28         -0.469091         0.0131693
                 2               100             -0.44           -0.4688         0.0130402
                 2               101             -0.28         -0.466931          0.013045
                 2               102             -0.36         -0.465882          0.012959
                 2               103              -0.6         -0.467184         0.0128985
                 2               104             -0.68         -0.469231         0.0129367
                 2               105              -0.6         -0.470476         0.0128733
                 2               106             -0.68         -0.472453         0.0129035
                 2               107             -0.68         -0.474393         0.0129287
                 2               108              -0.6         -0.475556         0.0128611
                 2               109             -0.52         -0.475963         0.0127491
                 2               110             -0.44         -0.475636         0.0126369
                 2               111             -0.36         -0.474595         0.0125658
                 2               112             -0.52            -0.475         0.0124597
                 2               113             -0.28         -0.473274          0.012469
                 2               114             -0.44         -0.472982         0.0123625
                 2               115             -0.44         -0.472696         0.0122579
                 2               116             -0.44         -0.472414         0.0121551
                 2               117             -0.44         -0.472137         0.0120539
                 2               118             -0.12         -0.469153         0.0123183
                 2               119             -0.52          -0.46958         0.0122218
                 2               120             -0.36         -0.468667         0.0121539
                 2               121             -0.52         -0.469091         0.0120605
                 2               122             -0.44         -0.468852         0.0119636
                 2               123             -0.68         -0.470569         0.0119894
                 2               124              -0.6         -0.471613         0.0119381
                 2               125              -0.6          -0.47264         0.0118866
                 2               126              -0.6         -0.473651         0.0118352
                 2               127             -0.52         -0.474016         0.0117473
                 2               128             -0.52         -0.474375         0.0116607
                 2               129              -0.6         -0.475349         0.0116108
                 2               130             -0.52         -0.475692         0.0115263
                 2               131             -0.52         -0.476031          0.011443
                 2               132             -0.52         -0.476364         0.0113608
                 2               133             -0.36         -0.475489          0.011309
                 2               134             -0.52         -0.475821         0.0112292
                 2               135             -0.36         -0.474963         0.0111787
                 2               136             -0.52         -0.475294         0.0111011
                 2               137             -0.44         -0.475036         0.0110228
                 2               138             -0.52         -0.475362         0.0109475
                 2               139             -0.68         -0.476835         0.0109677
                 2               140             -0.44         -0.476571         0.0108922
                 2               141              -0.6         -0.477447         0.0108501
                 2               142             -0.36          -0.47662         0.0108051
                 2               143             -0.44         -0.476364         0.0107323
                 2               144              -0.6         -0.477222         0.0106921
                 2               145             -0.36         -0.476414         0.0106488
                 2               146             -0.36         -0.475616         0.0106056
                 2               147             -0.52         -0.475918         0.0105376
                 2               148             -0.52         -0.476216         0.0104704
                 2               149             -0.44         -0.475973         0.0104027
                 2               150             -0.44         -0.475733         0.0103359
                 2               151             -0.28         -0.474437         0.0103487
                 2               152             -0.28         -0.473158         0.0103597
                 2               153             -0.44         -0.472941          0.010294
                 2               154              -0.6         -0.473766         0.0102602
                 2               155             -0.52         -0.474065         0.0101982
                 2               156             -0.36         -0.473333         0.0101589
                 2               157             -0.28         -0.472102         0.0101688
                 2               158             -0.44         -0.471899         0.0101063
                 2               159             -0.52         -0.472201         0.0100471
                 2               160             -0.52           -0.4725        0.00998859
                 2               161             -0.52         -0.472795        0.00993074
                 2               162             -0.52         -0.473086        0.00987355
                 2               163              -0.6         -0.473865        0.00984363
                 2               164             -0.52         -0.474146        0.00978747
                 2               165             -0.52         -0.474424        0.00973194
                 2               166             -0.52         -0.474699        0.00967703
                 2               167             -0.52          -0.47497        0.00962274
                 2               168              -0.6         -0.475714        0.00959419
                 2               169              -0.6          -0.47645        0.00956557
                 2               170             -0.44         -0.476235        0.00951155
                 2               171             -0.36         -0.475556        0.00948016
                 2               172              -0.6         -0.476279        0.00945261
                 2               173              -0.6         -0.476994        0.00942499
                 2               174             -0.68         -0.478161        0.00944302
                 2               175             -0.68         -0.479314        0.00945948
                 2               176             -0.52         -0.479545        0.00940842
                 2               177             -0.36          -0.47887        0.00937946
                 2               178             -0.44         -0.478652        0.00932917
                 2               179             -0.52         -0.478883        0.00927978
                 2               180             -0.44         -0.478667        0.00923061
                 2               181             -0.52         -0.478895        0.00918231
                 2               182             -0.44         -0.478681        0.00913422
                 2               183             -0.44          -0.47847        0.00908663
                 2               184             -0.52         -0.478696        0.00903993
                 2               185              -0.6         -0.479351        0.00901481
                 2               186             -0.52          -0.47957        0.00896888
                 2               187             -0.44         -0.479358        0.00892329
                 2               188             -0.44         -0.479149        0.00887817
                 2               189             -0.36         -0.478519        0.00885355
                 2               190              -0.6         -0.479158           0.00883
                 2               191             -0.36         -0.478534        0.00880578
                 2               192             -0.36         -0.477917        0.00878152
                 2               193             -0.36         -0.477306        0.00875724
                 2               194             -0.68         -0.478351        0.00877441
                 2               195             -0.52         -0.478564        0.00873191
                 2               196             -0.44         -0.478367        0.00868948
                 2               197              -0.6         -0.478985        0.00866727
                 2               198             -0.52         -0.479192        0.00862588
                 2               199             -0.36         -0.478593         0.0086033
                 2               200             -0.44           -0.4784        0.00856235
                 2               201             -0.36         -0.477811        0.00853998
                 2               202             -0.28         -0.476832        0.00855384
                 2               203             -0.12         -0.475074        0.00869121
                 2               204             -0.52         -0.475294         0.0086513
                 2               205              -0.6         -0.475902        0.00863046
                 2               206              -0.6         -0.476505        0.00860957
                 2               207              -0.6         -0.477101        0.00858862
                 2               208             -0.52         -0.477308        0.00854972
                 2               209             -0.36         -0.476746         0.0085272
                 2               210             -0.68         -0.477714        0.00854151
                 2               211             -0.44         -0.477536        0.00850282
                 2               212             -0.44         -0.477358        0.00846446
                 2               213             -0.36         -0.476808        0.00844263
                 2               214             -0.52         -0.477009        0.00840551
                 2               215             -0.44         -0.476837        0.00836809
                 2               216             -0.36         -0.476296        0.00834681
                 2               217             -0.44         -0.476129        0.00830994
                 2               218              -0.6         -0.476697        0.00829122
                 2               219             -0.68         -0.477626        0.00830532
                 2               220             -0.28         -0.476727        0.00831614
                 2               221             -0.44         -0.476561         0.0082801
                 2               222             -0.44         -0.476396        0.00824436
                 2               223             -0.44         -0.476233        0.00820893
                 2               224             -0.52         -0.476429        0.00817453
                 2               225             -0.28         -0.475556        0.00818481
                 2               226             -0.36         -0.475044        0.00816454
                 2               227             -0.52         -0.475242        0.00813091
                 2               228             -0.68          -0.47614        0.00814483
                 2               229             -0.36         -0.475633        0.00812503
                 2               230             -0.52         -0.475826        0.00809193
                 2               231             -0.52         -0.476017        0.00805909
                 2               232             -0.36         -0.475517        0.00803984
                 2               233             -0.36         -0.475021         0.0080206
                 2               234             -0.52         -0.475214        0.00798856
                 2               235             -0.44         -0.475064        0.00795591
                 2               236             -0.44         -0.474915        0.00792352
                 2               237             -0.52         -0.475105        0.00789231
                 2               238             -0.52         -0.475294        0.00786134
                 2               239             -0.68         -0.476151         0.0078751
                 2               240             -0.52         -0.476333        0.00784434
                 2               241              -0.6         -0.476846        0.00782856
                 2               242              -0.6         -0.477355        0.00781274
                 2               243             -0.68         -0.478189        0.00782508
                 2               244             -0.76         -0.479344        0.00787807
                 2               245             -0.68         -0.480163        0.00788848
                 2               246              -0.6          -0.48065        0.00787143
                 2               247             -0.36         -0.480162         0.0078547
                 2               248              -0.6         -0.480645        0.00783788
                 2               249              -0.6         -0.481124        0.00782104
                 2               250             -0.44          -0.48096        0.00779143
                 2               251             -0.52         -0.481116        0.00776188
                 2               252             -0.36         -0.480635        0.00774594
                 2               253             -0.52         -0.480791        0.00771684
                 2               254             -0.36         -0.480315        0.00770109
                 2               255             -0.28         -0.479529        0.00771095
                 2               256             -0.36         -0.479062        0.00769495
                 2               257              -0.6         -0.479533        0.00767938
                 2               258              -0.6             -0.48        0.00766379
                 2               259             -0.36         -0.479537        0.00764819
                 2               260             -0.52         -0.479692        0.00762031
                 2               261             -0.44          -0.47954        0.00759258
                 2               262             -0.44         -0.479389        0.00756505
                 2               263             -0.68         -0.480152        0.00757474
                 2               264              -0.6         -0.480606        0.00755963
                 2               265              -0.6         -0.481057        0.00754452
                 2               266             -0.52         -0.481203        0.00751753
                 2               267             -0.36         -0.480749        0.00750306
                 2               268             -0.28             -0.48        0.00751245
                 2               269             -0.44         -0.479851        0.00748595
                 2               270             -0.44         -0.479704        0.00745963
                 2               271              -0.6         -0.480148         0.0074453
                 2               272             -0.36         -0.479706        0.00743102
                 2               273             -0.52         -0.479853        0.00740522
                 2               274             -0.52             -0.48         0.0073796
                 2               275             -0.52         -0.480145        0.00735415
                 2               276             -0.52          -0.48029        0.00732888
                 2               277             -0.36         -0.479856        0.00731527
                 2               278             -0.52             -0.48        0.00729034
                 2               279             -0.36          -0.47957        0.00727689
                 2               280              -0.6             -0.48         0.0072636
                 2               281             -0.52         -0.480142         0.0072391
                 2               282             -0.44             -0.48        0.00721479
                 2               283             -0.44         -0.479859        0.00719064
                 2               284             -0.36         -0.479437         0.0071777
                 2               285             -0.52         -0.479579        0.00715388
                 2               286             -0.44         -0.479441        0.00713017
                 2               287             -0.52         -0.479582        0.00710669
                 2               288             -0.52         -0.479722        0.00708336
                 2               289             -0.36         -0.479308        0.00707095
                 2               290             -0.28         -0.478621        0.00707996
                 2               291             -0.44         -0.478488        0.00705684
                 2               292             -0.52          -0.47863        0.00703407
                 2               293              -0.6         -0.479044        0.00702225
                 2               294              -0.6         -0.479456         0.0070104
                 2               295             -0.44         -0.479322        0.00698788
                 2               296             -0.36         -0.478919        0.00697589
                 2               297              -0.6         -0.479327         0.0069643
                 2               298             -0.68             -0.48        0.00697348
                 2               299             -0.68         -0.480669        0.00698224
                 2               300              -0.6         -0.481067        0.00697028
                 2               301              -0.6         -0.481462        0.00695831
                 2               302             -0.44         -0.481325        0.00693659
                 2               303             -0.44         -0.481188        0.00691501
                 2               304             -0.52         -0.481316        0.00689341
                 2               305              -0.2         -0.480393         0.0069324
                 2               306             -0.36             -0.48         0.0069209
                 2               307             -0.44          -0.47987        0.00689955
                 2               308             -0.44          -0.47974        0.00687833
                 2               309             -0.28         -0.479094        0.00688644
                 2               310             -0.12         -0.477935        0.00696124
                 2               311             -0.28         -0.477299        0.00696795
                 2               312             -0.28         -0.476667        0.00697431
                 2               313             -0.28         -0.476038        0.00698033
                 2               314             -0.44         -0.475924        0.00695901
                 2               315             -0.44          -0.47581        0.00693782
                 2               316              -0.6         -0.476203        0.00692699
                 2               317             -0.68         -0.476845        0.00693496
                 2               318             -0.68         -0.477484        0.00694258
                 2               319             -0.52         -0.477618        0.00692206
                 2               320             -0.36          -0.47725        0.00691018
                 2               321             -0.44         -0.477134         0.0068896
                 2               322             -0.44         -0.477019        0.00686914
                 2               323             -0.52         -0.477152        0.00684913
                 2               324             -0.36          -0.47679        0.00683752
                 2               325             -0.68         -0.477415        0.00684507
                 2               326              -0.6         -0.477791        0.00683439
                 2               327             -0.36         -0.477431        0.00682298
                 2               328             -0.36         -0.477073        0.00681156
                 2               329             -0.12         -0.475988        0.00687701
                 2               330             -0.36         -0.475636        0.00686514
                 2               331             -0.36         -0.475287        0.00685328
                 2               332              -0.6         -0.475663        0.00684292
                 2               333              -0.6         -0.476036        0.00683255
                 2               334             -0.52         -0.476168        0.00681333
                 2               335             -0.36         -0.475821        0.00680181
                 2               336             -0.44         -0.475714        0.00678237
                 2               337             -0.36         -0.475371        0.00677093
                 2               338              -0.6          -0.47574        0.00676093
                 2               339             -0.44         -0.475634        0.00674178
                 2               340              -0.6            -0.476        0.00673187
                 2               341             -0.52         -0.476129        0.00671334
                 2               342             -0.44         -0.476023        0.00669451
                 2               343             -0.36         -0.475685        0.00668353
                 2               344             -0.36         -0.475349        0.00667256
                 2               345             -0.36         -0.475014        0.00666158
                 2               346             -0.36         -0.474682        0.00665061
                 2               347             -0.44         -0.474582        0.00663217
                 2               348             -0.44         -0.474483        0.00661383
                 2               349              -0.6         -0.474842        0.00660466
                 2               350             -0.44         -0.474743        0.00658651
                 2               351             -0.12         -0.473732        0.00664503
                 2               352              -0.6         -0.474091        0.00663582
                 2               353             -0.52         -0.474221        0.00661828
                 2               354             -0.36         -0.473898        0.00660744
                 2               355             -0.52         -0.474028        0.00659008
                 2               356             -0.36         -0.473708        0.00657934
                 2               357             -0.36         -0.473389        0.00656861
                 2               358             -0.28         -0.472849        0.00657248
                 2               359             -0.44         -0.472758        0.00655478
                 2               360             -0.44         -0.472667        0.00653718
                 2               361              -0.6         -0.473019        0.00652858
                 2               362             -0.68         -0.473591        0.00653558
                 2               363             -0.68          -0.47416        0.00654231
                 2               364             -0.44         -0.474066        0.00652499
                 2               365             -0.52         -0.474192         0.0065083
                 2               366              -0.2         -0.473443        0.00653359
                 2               367              -0.2         -0.472698        0.00655822
                 2               368             -0.52         -0.472826        0.00654164
                 2               369             -0.52         -0.472954        0.00652514
                 2               370             -0.52         -0.473081        0.00650872
                 2               371             -0.44         -0.472992        0.00649177
                 2               372             -0.36         -0.472688        0.00648142
                 2               373             -0.52         -0.472815        0.00646526
                 2               374              -0.6         -0.473155        0.00645691
                 2               375              -0.2         -0.472427        0.00648074
                 2               376             -0.28         -0.471915        0.00648371
                 2               377             -0.28         -0.471406        0.00648649
                 2               378             -0.28         -0.470899         0.0064891
                 2               379             -0.28         -0.470396        0.00649152
                 2               380             -0.36         -0.470105        0.00648093
                 2               381              -0.6         -0.470446        0.00647288
                 2               382             -0.36         -0.470157        0.00646239
                 2               383             -0.36         -0.469869        0.00645191
                 2               384             -0.36         -0.469583        0.00644144
                 2               385             -0.36         -0.469299        0.00643099
                 2               386             -0.36         -0.469016        0.00642055
                 2               387              -0.6         -0.469354        0.00641288
                 2               388             -0.52         -0.469485        0.00639766
                 2               389             -0.52         -0.469614        0.00638252
                 2               390             -0.52         -0.469744        0.00636744
                 2               391             -0.52         -0.469872        0.00635243
                 2               392             -0.44         -0.469796        0.00633667
                 2               393             -0.44          -0.46972        0.00632098
                 2               394             -0.52         -0.469848         0.0063062
                 2               395             -0.28         -0.469367        0.00630855
                 2               396             -0.44         -0.469293        0.00629304
                 2               397             -0.36         -0.469018         0.0062832
                 2               398             -0.36         -0.468744        0.00627338
                 2               399             -0.44         -0.468672        0.00625805
                 2               400             -0.52           -0.4688        0.00624371
                 2               401             -0.76         -0.469526        0.00627031
                 2               402             -0.76         -0.470249        0.00629629
                 2               403             -0.36         -0.469975         0.0062866
                 2               404              -0.6         -0.470297        0.00627928
                 2               405             -0.44         -0.470222         0.0062642
                 2               406             -0.44         -0.470148        0.00624919
                 2               407             -0.28         -0.469681         0.0062513
                 2               408             -0.52         -0.469804        0.00623718
                 2               409             -0.52         -0.469927        0.00622312
                 2               410             -0.52         -0.470049        0.00620913
                 2               411             -0.44         -0.469976        0.00619443
                 2               412             -0.52         -0.470097        0.00618057
                 2               413             -0.44         -0.470024        0.00616602
                 2               414             -0.36         -0.469758        0.00615685
                 2               415             -0.52          -0.46988        0.00614319
                 2               416             -0.68         -0.470385        0.00614918
                 2               417              -0.2         -0.469736        0.00616859
                 2               418             -0.36         -0.469474        0.00615941
                 2               419             -0.36         -0.469212        0.00615025
                 2               420             -0.44         -0.469143        0.00613598
                 2               421             -0.44         -0.469074        0.00612178
                 2               422             -0.44         -0.469005        0.00610764
                 2               423             -0.44         -0.468936        0.00609357
                 2               424              -0.6         -0.469245        0.00608704
                 2               425              -0.2         -0.468612        0.00610566
                 2               426             -0.36         -0.468357        0.00609664
                 2               427             -0.36         -0.468103        0.00608764
                 2               428             -0.44         -0.468037        0.00607375
                 2               429             -0.44         -0.467972        0.00605993
                 2               430             -0.36         -0.467721        0.00605103
                 2               431             -0.36         -0.467471        0.00604215
                 2               432             -0.44         -0.467407        0.00602848
                 2               433             -0.52         -0.467529        0.00601577
                 2               434             -0.68         -0.468018        0.00602182
                 2               435              -0.6         -0.468322        0.00601562
                 2               436             -0.36         -0.468073        0.00600695
                 2               437             -0.44         -0.468009        0.00599353
                 2               438             -0.44         -0.467945        0.00598017
                 2               439             -0.28         -0.467517        0.00598187
                 2               440             -0.44         -0.467455        0.00596859
                 2               441             -0.76         -0.468118        0.00599188
                 2               442             -0.36         -0.467873        0.00598331
                 2               443             -0.44          -0.46781        0.00597012
                 2               444             -0.44         -0.467748        0.00595699
                 2               445             -0.52         -0.467865        0.00594474
                 2               446             -0.52         -0.467982        0.00593255
                 2               447             -0.52         -0.468098        0.00592041
                 2               448             -0.52         -0.468214        0.00590831
                 2               449             -0.44         -0.468151        0.00589548
                 2               450              -0.6         -0.468444        0.00588965
                 2               451             -0.68         -0.468914        0.00589527
                 2               452              -0.6         -0.469204        0.00588936
                 2               453              -0.6         -0.469492        0.00588343
                 2               454              -0.2         -0.468899        0.00590039
                 2               455             -0.36         -0.468659        0.00589227
                 2               456             -0.44         -0.468596        0.00587967
                 2               457             -0.44         -0.468534        0.00586713
                 2               458             -0.44         -0.468472        0.00585464
                 2               459              -0.6         -0.468758        0.00584889
                 2               460             -0.44         -0.468696         0.0058365
                 2               461              -0.6          -0.46898        0.00583078
                 2               462             -0.52         -0.469091         0.0058192
                 2               463              -0.2          -0.46851        0.00583563
                 2               464             -0.28         -0.468103        0.00583719
                 2               465             -0.28         -0.467699        0.00583866
                 2               466             -0.28         -0.467296        0.00584002
                 2               467              -0.2         -0.466724        0.00585554
                 2               468             -0.52         -0.466838        0.00584413
                 2               469             -0.52         -0.466951        0.00583275
                 2               470             -0.68         -0.467404        0.00583795
                 2               471              -0.6         -0.467686        0.00583235
                 2               472             -0.52         -0.467797        0.00582103
                 2               473             -0.28           -0.4674        0.00582226
                 2               474              -0.6         -0.467679         0.0058167
                 2               475             -0.52         -0.467789        0.00580549
                 2               476             -0.52         -0.467899        0.00579431
                 2               477             -0.52         -0.468008        0.00578319
                 2               478              -0.6         -0.468285        0.00577768
                 2               479             -0.68         -0.468727        0.00578252
                 2               480             -0.52         -0.468833        0.00577145
                 2               481             -0.44         -0.468773        0.00575975
                 2               482             -0.44         -0.468714         0.0057481
                 2               483             -0.68         -0.469151        0.00575284
                 2               484             -0.36         -0.468926        0.00574537
                 2               485             -0.52         -0.469031        0.00573448
                 2               486             -0.36         -0.468807        0.00572706
                 2               487             -0.52         -0.468912        0.00571626
                 2               488             -0.52         -0.469016        0.00570549
                 2               489             -0.36         -0.468793        0.00569817
                 2               490             -0.52         -0.468898        0.00568749
                 2               491             -0.68         -0.469328        0.00569216
                 2               492              -0.6         -0.469593        0.00568678
                 2               493             -0.36         -0.469371        0.00567959
                 2               494             -0.44         -0.469312        0.00566839
                 2               495             -0.36         -0.469091        0.00566124
                 2               496             -0.36         -0.468871        0.00565409
                 2               497             -0.28         -0.468491        0.00565549
                 2               498             -0.44         -0.468434        0.00564441
                 2               499             -0.52         -0.468537        0.00563403
                 2               500             -0.44          -0.46848        0.00562304
                 2               501             -0.28         -0.468104         0.0056244
                 2               502             -0.44         -0.468048        0.00561347
                 2               503             -0.52         -0.468151        0.00560325
                 2               504             -0.68         -0.468571         0.0056079
                 2               505              -0.6         -0.468832        0.00560283
                 2               506              -0.6         -0.469091        0.00559775
                 2               507             -0.36         -0.468876        0.00559084
                 2               508             -0.76         -0.469449        0.00560918
                 2               509             -0.84         -0.470177        0.00564528
                 2               510             -0.52         -0.470275        0.00563505
                 2               511             -0.68         -0.470685        0.00563897
                 2               512             -0.36         -0.470469        0.00563209
                 2               513             -0.52         -0.470565        0.00562193
                 2               514             -0.52         -0.470661        0.00561181
                 2               515             -0.44         -0.470602        0.00560122
                 2               516             -0.68         -0.471008        0.00560506
                 2               517             -0.52         -0.471103        0.00559501
                 2               518             -0.52         -0.471197          0.005585
                 2               519             -0.68         -0.471599        0.00558873
                 2               520             -0.52         -0.471692        0.00557874
                 2               521             -0.52         -0.471785         0.0055688
                 2               522             -0.36         -0.471571        0.00556224
                 2               523             -0.44         -0.471511        0.00555193
                 2               524             -0.52         -0.471603        0.00554209
                 2               525             -0.44         -0.471543        0.00553185
                 2               526             -0.68         -0.471939        0.00553553
                 2               527             -0.44         -0.471879        0.00552535
                 2               528             -0.44         -0.471818        0.00551521
                 2               529              -0.6          -0.47206         0.0055101
                 2               530             -0.36         -0.471849        0.00550376
                 2               531             -0.52          -0.47194        0.00549413
                 2               532             -0.44          -0.47188        0.00548412
                 2               533             -0.52          -0.47197        0.00547457
                 2               534             -0.36          -0.47176        0.00546833
                 2               535             -0.52          -0.47185        0.00545884
                 2               536             -0.52          -0.47194        0.00544939
                 2               537             -0.68         -0.472328        0.00545301
                 2               538              -0.6         -0.472565        0.00544804
                 2               539             -0.36         -0.472356        0.00544193
                 2               540              -0.6         -0.472593        0.00543699
                 2               541             -0.36         -0.472384        0.00543092
                 2               542             -0.12         -0.471734        0.00545974
                 2               543             -0.52         -0.471823         0.0054504
                 2               544             -0.36         -0.471618        0.00544425
                 2               545             -0.28         -0.471266        0.00544561
                 2               546             -0.36         -0.471062        0.00543945
                 2               547             -0.28         -0.470713        0.00544072
                 2               548             -0.52         -0.470803        0.00543153
                 2               549             -0.52         -0.470893        0.00542236
                 2               550             -0.52         -0.470982        0.00541323
                 2               551             -0.36          -0.47078        0.00540715
                 2               552             -0.36          -0.47058        0.00540108
                 2               553              -0.2          -0.47009        0.00541346
                 2               554             -0.36         -0.469892        0.00540733
                 2               555             -0.52         -0.469982        0.00539834
                 2               556             -0.36         -0.469784        0.00539225
                 2               557             -0.44         -0.469731        0.00538282
                 2               558             -0.44         -0.469677        0.00537343
                 2               559              -0.6         -0.469911        0.00536888
                 2               560             -0.28         -0.469571           0.00537
                 2               561             -0.52         -0.469661        0.00536117
                 2               562             -0.52         -0.469751        0.00535237
                 2               563             -0.36         -0.469556        0.00534641
                 2               564             -0.28          -0.46922         0.0053475
                 2               565             -0.44         -0.469168        0.00533827
                 2               566             -0.44         -0.469117        0.00532908
                 2               567             -0.68         -0.469489        0.00533266
                 2               568              -0.6         -0.469718        0.00532822
                 2               569             -0.44         -0.469666        0.00531911
                 2               570             -0.28         -0.469333        0.00532018
                 2               571             -0.36         -0.469142        0.00531431
                 2               572             -0.36         -0.468951        0.00530844
                 2               573              -0.6          -0.46918         0.0053041
                 2               574             -0.44         -0.469129        0.00529509
                 2               575             -0.36         -0.468939        0.00528928
                 2               576              -0.6         -0.469167        0.00528499
                 2               577              -0.6         -0.469393         0.0052807
                 2               578             -0.44         -0.469343         0.0052718
                 2               579              -0.6         -0.469568        0.00526752
                 2               580             -0.44         -0.469517        0.00525868
                 2               581             -0.36         -0.469329          0.005253
                 2               582             -0.52         -0.469416        0.00524469
                 2               583             -0.44         -0.469365        0.00523593
                 2               584             -0.52         -0.469452        0.00522768
                 2               585             -0.44         -0.469402        0.00521898
                 2               586             -0.44         -0.469352         0.0052103
                 2               587              -0.6         -0.469574        0.00520618
                 2               588             -0.28         -0.469252        0.00520731
                 2               589             -0.28          -0.46893        0.00520838
                 2               590             -0.52         -0.469017        0.00520027
                 2               591             -0.76         -0.469509        0.00521475
                 2               592              -0.2         -0.469054        0.00522581
                 2               593             -0.44         -0.469005        0.00521722
                 2               594             -0.44         -0.468956        0.00520865
                 2               595             -0.44         -0.468908        0.00520012
                 2               596             -0.36         -0.468725         0.0051946
                 2               597             -0.36         -0.468543        0.00518909
                 2               598             -0.36         -0.468361        0.00518359
                 2               599             -0.52         -0.468447        0.00517564
                 2               600             -0.36         -0.468267        0.00517017
                 2               601             -0.36         -0.468087         0.0051647
                 2               602             -0.52         -0.468173        0.00515684
                 2               603              -0.6         -0.468391        0.00515292
                 2               604             -0.36         -0.468212        0.00514751
                 2               605              -0.6          -0.46843        0.00514361
                 2               606             -0.68         -0.468779        0.00514697
                 2               607             -0.52         -0.468863        0.00513917
                 2               608              -0.6         -0.469079        0.00513525
                 2               609             -0.52         -0.469163        0.00512749
                 2               610             -0.44         -0.469115         0.0051193
                 2               611             -0.44         -0.469067        0.00511114
                 2               612             -0.36         -0.468889        0.00510589
                 2               613             -0.36         -0.468711        0.00510065
                 2               614             -0.68         -0.469055        0.00510395
                 2               615             -0.52         -0.469138        0.00509631
                 2               616              -0.6         -0.469351        0.00509247
                 2               617             -0.36         -0.469173        0.00508729
                 2               618             -0.44         -0.469126        0.00507928
                 2               619             -0.36          -0.46895        0.00507413
                 2               620             -0.36         -0.468774        0.00506898
                 2               621             -0.44         -0.468728        0.00506103
                 2               622             -0.52          -0.46881        0.00505355
                 2               623             -0.36         -0.468636        0.00504846
                 2               624             -0.52         -0.468718        0.00504103
                 2               625             -0.68         -0.469056         0.0050443
                 2               626             -0.28         -0.468754        0.00504528
                 2               627             -0.36         -0.468581        0.00504022
                 2               628             -0.68         -0.468917        0.00504343
                 2               629             -0.52         -0.468998        0.00503606
                 2               630              -0.6         -0.469206        0.00503236
                 2               631              -0.6         -0.469414        0.00502865
                 2               632             -0.36         -0.469241        0.00502367
                 2               633              -0.2         -0.468815        0.00503373
                 2               634             -0.28         -0.468517         0.0050346
                 2               635             -0.36         -0.468346        0.00502957
                 2               636             -0.52         -0.468428        0.00502232
                 2               637             -0.44         -0.468383        0.00501462
                 2               638              -0.6         -0.468589        0.00501101
                 2               639             -0.52          -0.46867        0.00500381
                 2               640             -0.36           -0.4685        0.00499887
                 2               641             -0.36         -0.468331        0.00499393
                 2               642             -0.44         -0.468287        0.00498634
                 2               643             -0.68         -0.468616        0.00498946
                 2               644             -0.28         -0.468323         0.0049903
                 2               645             -0.28         -0.468031        0.00499111
                 2               646             -0.44         -0.467988        0.00498357
                 2               647             -0.68         -0.468315        0.00498663
                 2               648             -0.28         -0.468025        0.00498741
                 2               649             -0.36         -0.467858         0.0049825
                 2               650             -0.36         -0.467692        0.00497759
                 2               651             -0.44          -0.46765        0.00497012
                 2               652              -0.6         -0.467853        0.00496664
                 2               653             -0.52         -0.467933        0.00495968
                 2               654              -0.2         -0.467523          0.004969
                 2               655             -0.68         -0.467847        0.00497201
                 2               656              -0.6         -0.468049        0.00496851
                 2               657             -0.44         -0.468006        0.00496112
                 2               658              -0.6         -0.468207        0.00495764
                 2               659              -0.6         -0.468407        0.00495415
                 2               660             -0.36         -0.468242        0.00494936
                 2               661             -0.36         -0.468079        0.00494458
                 2               662              -0.6         -0.468278        0.00494112
                 2               663             -0.28         -0.467994        0.00494183
                 2               664             -0.36         -0.467831        0.00493706
                 2               665             -0.36         -0.467669         0.0049323
                 2               666             -0.36         -0.467508        0.00492754
                 2               667             -0.44         -0.467466        0.00492032
                 2               668              -0.2         -0.467066        0.00492924
                 2               669              -0.2         -0.466667        0.00493803
                 2               670             -0.28         -0.466388        0.00493852
                 2               671             -0.52         -0.466468         0.0049318
                 2               672             -0.44         -0.466429        0.00492461
                 2               673             -0.52         -0.466508        0.00491793
                 2               674             -0.44         -0.466469        0.00491079
                 2               675             -0.44          -0.46643        0.00490366
                 2               676             -0.36         -0.466272        0.00489894
                 2               677             -0.44         -0.466233        0.00489185
                 2               678             -0.36         -0.466077        0.00488714
                 2               679             -0.28         -0.465803        0.00488763
                 2               680             -0.36         -0.465647        0.00488291
                 2               681             -0.52         -0.465727        0.00487639
                 2               682              -0.6         -0.465924        0.00487321
                 2               683             -0.28         -0.465652        0.00487368
                 2               684             -0.28          -0.46538        0.00487411
                 2               685             -0.36         -0.465226        0.00486942
                 2               686             -0.36         -0.465073        0.00486474
                 2               687              -0.6         -0.465269        0.00486162
                 2               688             -0.52         -0.465349         0.0048552
                 2               689             -0.28          -0.46508        0.00485561
                 2               690             -0.44         -0.465043         0.0048487
                 2               691             -0.52         -0.465123        0.00484233
                 2               692             -0.44         -0.465087        0.00483547
                 2               693             -0.28          -0.46482        0.00483587
                 2               694             -0.12         -0.464323        0.00485439
                 2               695             -0.44         -0.464288        0.00484752
                 2               696             -0.36         -0.464138        0.00484287
                 2               697             -0.68         -0.464448        0.00484583
                 2               698             -0.28         -0.464183        0.00484609
                 2               699             -0.28          -0.46392        0.00484632
                 2               700             -0.36         -0.463771        0.00484167
                 2               701             -0.28         -0.463509        0.00484186
                 2               702              -0.6         -0.463704        0.00483886
                 2               703             -0.52         -0.463784        0.00483264
                 2               704             -0.44          -0.46375        0.00482589
                 2               705             -0.36         -0.463603        0.00482128
                 2               706             -0.36         -0.463456        0.00481669
                 2               707             -0.52         -0.463536        0.00481053
                 2               708              -0.6         -0.463729         0.0048076
                 2               709             -0.52         -0.463808        0.00480147
                 2               710             -0.52         -0.463887        0.00479536
                 2               711              -0.6         -0.464079        0.00479243
                 2               712             -0.52         -0.464157        0.00478634
                 2               713             -0.36         -0.464011        0.00478185
                 2               714             -0.44         -0.463978        0.00477527
                 2               715             -0.52         -0.464056        0.00476923
                 2               716             -0.44         -0.464022        0.00476268
                 2               717             -0.44         -0.463989        0.00475615
                 2               718             -0.44         -0.463955        0.00474964
                 2               719              -0.6         -0.464145        0.00474681
                 2               720             -0.52         -0.464222        0.00474084
                 2               721             -0.44         -0.464189        0.00473438
                 2               722             -0.36         -0.464044        0.00473002
                 2               723             -0.36           -0.4639        0.00472567
                 2               724             -0.44         -0.463867        0.00471925
                 2               725             -0.28         -0.463614        0.00471956
                 2               726             -0.44         -0.463581        0.00471316
                 2               727             -0.28         -0.463329        0.00471344
                 2               728             -0.44         -0.463297        0.00470707
                 2               729             -0.44         -0.463265        0.00470072
                 2               730             -0.36         -0.463123        0.00469641
                 2               731             -0.76         -0.463529        0.00470753
                 2               732             -0.76         -0.463934        0.00471851
                 2               733             -0.52         -0.464011        0.00471269
                 2               734             -0.36         -0.463869         0.0047084
                 2               735             -0.36         -0.463728        0.00470411
                 2               736             -0.52         -0.463804        0.00469834
                 2               737             -0.52         -0.463881        0.00469258
                 2               738             -0.52         -0.463957        0.00468683
                 2               739             -0.44         -0.463924         0.0046806
                 2               740              -0.6         -0.464108        0.00467788
                 2               741              -0.6         -0.464291        0.00467516
                 2               742             -0.28         -0.464043        0.00467546
                 2               743             -0.44         -0.464011        0.00466928
                 2               744              -0.6         -0.464194        0.00466658
                 2               745             -0.52         -0.464268        0.00466091
                 2               746             -0.52         -0.464343        0.00465526
                 2               747             -0.36         -0.464203        0.00465112
                 2               748             -0.36         -0.464064        0.00464699
                 2               749             -0.52         -0.464139        0.00464138
                 2               750              -0.6          -0.46432        0.00463872
                 2               751             -0.44         -0.464288        0.00463266
                 2               752             -0.52         -0.464362        0.00462709
                 2               753             -0.36         -0.464223        0.00462301
                 2               754             -0.36         -0.464085        0.00461895
                 2               755             -0.12         -0.463629        0.00463528
                 2               756             -0.52         -0.463704        0.00462975
                 2               757             -0.52         -0.463778        0.00462423
                 2               758              -0.6         -0.463958        0.00462162
                 2               759             -0.52         -0.464032        0.00461612
                 2               760             -0.28         -0.463789        0.00461639
                 2               761             -0.44         -0.463758        0.00461043
                 2               762             -0.44         -0.463727        0.00460448
                 2               763             -0.52         -0.463801        0.00459903
                 2               764             -0.52         -0.463874         0.0045936
                 2               765             -0.52         -0.463948        0.00458818
                 2               766             -0.36         -0.463812        0.00458419
                 2               767             -0.28         -0.463572        0.00458448
                 2               768             -0.44         -0.463542        0.00457861
                 2               769             -0.52         -0.463615        0.00457324
                 2               770             -0.44         -0.463584         0.0045674
                 2               771             -0.36          -0.46345        0.00456345
                 2               772             -0.28         -0.463212        0.00456373
                 2               773             -0.36         -0.463079        0.00455977
                 2               774             -0.36         -0.462946        0.00455583
                 2               775             -0.44         -0.462916        0.00455004
                 2               776             -0.28          -0.46268        0.00455028
                 2               777             -0.68          -0.46296        0.00455302
                 2               778              -0.6         -0.463136        0.00455057
                 2               779             -0.52         -0.463209        0.00454532
                 2               780             -0.52         -0.463282        0.00454007
                 2               781              -0.6         -0.463457        0.00453763
                 2               782             -0.44         -0.463427        0.00453192
                 2               783             -0.52         -0.463499        0.00452671
                 2               784              -0.6         -0.463673        0.00452428
                 2               785             -0.44         -0.463643        0.00451861
                 2               786             -0.44         -0.463613        0.00451296
                 2               787             -0.28          -0.46338        0.00451326
                 2               788              -0.2         -0.463046         0.0045199
                 2               789             -0.44         -0.463016        0.00451427
                 2               790             -0.28         -0.462785         0.0045145
                 2               791             -0.52         -0.462857        0.00450936
                 2               792             -0.44         -0.462828        0.00450376
                 2               793             -0.52           -0.4629        0.00449865
                 2               794              -0.6         -0.463073         0.0044963
                 2               795             -0.44         -0.463044        0.00449074
                 2               796             -0.36         -0.462915        0.00448696
                 2               797              -0.6         -0.463087        0.00448463
                 2               798             -0.52         -0.463158        0.00447957
                 2               799             -0.44         -0.463129        0.00447405
                 2               800             -0.44           -0.4631        0.00446855
                 2               801             -0.44         -0.463071        0.00446306
                 2               802             -0.36         -0.462943        0.00445935
                 2               803             -0.52         -0.463014        0.00445436
                 2               804             -0.44         -0.462985         0.0044489
                 2               805             -0.52         -0.463056        0.00444394
                 2               806             -0.68         -0.463325        0.00444658
                 2               807             -0.52         -0.463395        0.00444162
                 2               808              -0.6         -0.463564        0.00443934
                 2               809             -0.68         -0.463832        0.00444191
                 2               810              -0.6            -0.464        0.00443961
                 2               811             -0.52         -0.464069        0.00443467
                 2               812             -0.36         -0.463941        0.00443106
                 2               813             -0.44         -0.463911         0.0044257
                 2               814              -0.6         -0.464079        0.00442342
                 2               815             -0.68         -0.464344        0.00442593
                 2               816              -0.6          -0.46451        0.00442362
                 2               817              -0.6         -0.464676        0.00442132
                 2               818              -0.6         -0.464841        0.00441901
                 2               819             -0.52         -0.464908        0.00441412
                 2               820             -0.36          -0.46478        0.00441059
                 2               821             -0.44          -0.46475        0.00440532
                 2               822             -0.36         -0.464623         0.0044018
                 2               823             -0.44         -0.464593        0.00439655
                 2               824             -0.36         -0.464466        0.00439305
                 2               825              -0.6          -0.46463        0.00439079
                 2               826             -0.52         -0.464697        0.00438599
                 2               827             -0.52         -0.464764        0.00438119
                 2               828              -0.6         -0.464928        0.00437894
                 2               829             -0.44         -0.464897        0.00437376
                 2               830             -0.52         -0.464964        0.00436899
                 2               831             -0.68         -0.465223         0.0043714
                 2               832             -0.44         -0.465192        0.00436625
                 2               833             -0.44         -0.465162        0.00436111
                 2               834             -0.36         -0.465036         0.0043577
                 2               835             -0.36          -0.46491        0.00435429
                 2               836             -0.52         -0.464976        0.00434958
                 2               837             -0.52         -0.465042        0.00434488
                 2               838              -0.6         -0.465203        0.00434268
                 2               839             -0.52         -0.465268        0.00433799
                 2               840              -0.6         -0.465429        0.00433579
                 2               841             -0.44         -0.465398        0.00433074
                 2               842              -0.6         -0.465558        0.00432855
                 2               843              -0.6         -0.465718        0.00432635
                 2               844             -0.44         -0.465687        0.00432133
                 2               845             -0.28         -0.465467         0.0043218
                 2               846             -0.68         -0.465721        0.00432413
                 2               847              -0.6          -0.46588        0.00432193
                 2               848              -0.6         -0.466038        0.00431973
                 2               849             -0.44         -0.466007        0.00431474
                 2               850             -0.52         -0.466071        0.00431013
                 2               851             -0.36         -0.465946        0.00430687
                 2               852             -0.36         -0.465822        0.00430361
                 2               853             -0.44         -0.465791        0.00429867
                 2               854             -0.44         -0.465761        0.00429374
                 2               855              -0.6         -0.465918        0.00429159
                 2               856             -0.52         -0.465981        0.00428703
                 2               857             -0.44         -0.465951        0.00428214
                 2               858             -0.52         -0.466014        0.00427761
                 2               859             -0.52         -0.466077        0.00427309
                 2               860             -0.44         -0.466047        0.00426822
                 2               861             -0.52         -0.466109        0.00426372
                 2               862             -0.28         -0.465893        0.00426424
                 2               863             -0.52         -0.465956        0.00425976
                 2               864             -0.28         -0.465741        0.00426027
                 2               865             -0.44         -0.465711        0.00425544
                 2               866             -0.68         -0.465958        0.00425772
                 2               867             -0.52         -0.466021        0.00425327
                 2               868             -0.52         -0.466083        0.00424882
                 2               869             -0.52         -0.466145        0.00424438
                 2               870              -0.6         -0.466299        0.00424229
                 2               871             -0.52         -0.466361        0.00423786
                 2               872             -0.44          -0.46633        0.00423311
                 2               873             -0.44           -0.4663        0.00422836
                 2               874             -0.52         -0.466362        0.00422397
                 2               875             -0.52         -0.466423        0.00421959
                 2               876             -0.44         -0.466393        0.00421487
                 2               877             -0.44         -0.466363        0.00421017
                 2               878             -0.52         -0.466424        0.00420582
                 2               879             -0.52         -0.466485        0.00420147
                 2               880             -0.52         -0.466545        0.00419714
                 2               881             -0.44         -0.466515        0.00419248
                 2               882             -0.44         -0.466485        0.00418783
                 2               883              -0.6         -0.466636        0.00418582
                 2               884              -0.6         -0.466787         0.0041838
                 2               885             -0.52         -0.466847         0.0041795
                 2               886             -0.52         -0.466907        0.00417521
                 2               887             -0.44         -0.466877        0.00417061
                 2               888              -0.6         -0.467027        0.00416861
                 2               889             -0.52         -0.467087        0.00416435
                 2               890             -0.44         -0.467056        0.00415978
                 2               891             -0.36         -0.466936        0.00415684
                 2               892             -0.52         -0.466996         0.0041526
                 2               893             -0.52         -0.467055        0.00414838
                 2               894             -0.44         -0.467025        0.00414384
                 2               895             -0.52         -0.467084        0.00413963
                 2               896             -0.44         -0.467054        0.00413512
                 2               897             -0.36         -0.466934        0.00413223
                 2               898             -0.44         -0.466904        0.00412774
                 2               899             -0.36         -0.466785        0.00412486
                 2               900             -0.44         -0.466756        0.00412038
                 2               901              -0.6         -0.466903        0.00411846
                 2               902             -0.44         -0.466874          0.004114
                 2               903             -0.52         -0.466932        0.00410986
                 2               904             -0.36         -0.466814        0.00410702
                 2               905              -0.6         -0.466961        0.00410512
                 2               906             -0.36         -0.466843        0.00410228
                 2               907              -0.6          -0.46699        0.00410039
                 2               908             -0.44          -0.46696        0.00409598
                 2               909             -0.36         -0.466843        0.00409316
                 2               910             -0.36         -0.466725        0.00409034
                 2               911             -0.52         -0.466784        0.00408627
                 2               912             -0.52         -0.466842         0.0040822
                 2               913              -0.6         -0.466988        0.00408034
                 2               914             -0.44         -0.466958        0.00407598
                 2               915             -0.52         -0.467016        0.00407193
                 2               916              -0.2         -0.466725        0.00407792
                 2               917             -0.36         -0.466609        0.00407513
                 2               918             -0.44          -0.46658        0.00407079
                 2               919             -0.44         -0.466551        0.00406646
                 2               920             -0.28         -0.466348         0.0040671
                 2               921             -0.44         -0.466319        0.00406278
                 2               922             -0.28         -0.466117         0.0040634
                 2               923             -0.44         -0.466089        0.00405909
                 2               924              -0.6         -0.466234        0.00405729
                 2               925             -0.52         -0.466292        0.00405332
                 2               926             -0.36         -0.466177        0.00405056
                 2               927             -0.28         -0.465976        0.00405117
                 2               928             -0.44         -0.465948         0.0040469
                 2               929              -0.6         -0.466093        0.00404512
                 2               930             -0.52         -0.466151        0.00404118
                 2               931             -0.44         -0.466122        0.00403694
                 2               932             -0.28         -0.465923        0.00403754
                 2               933             -0.52         -0.465981        0.00403363
                 2               934             -0.28         -0.465782        0.00403423
                 2               935             -0.36         -0.465668         0.0040315
                 2               936             -0.44         -0.465641        0.00402728
                 2               937              -0.6         -0.465784        0.00402554
                 2               938             -0.28         -0.465586        0.00402612
                 2               939             -0.44         -0.465559        0.00402192
                 2               940              -0.6         -0.465702        0.00402018
                 2               941             -0.44         -0.465675          0.004016
                 2               942             -0.52         -0.465732        0.00401215
                 2               943             -0.36          -0.46562        0.00400946
                 2               944             -0.44         -0.465593         0.0040053
                 2               945             -0.76         -0.465905        0.00401317
                 2               946             -0.36         -0.465793        0.00401049
                 2               947             -0.44         -0.465766        0.00400635
                 2               948             -0.44         -0.465738        0.00400221
                 2               949             -0.44         -0.465711        0.00399808
                 2               950             -0.44         -0.465684        0.00399396
                 2               951             -0.36         -0.465573        0.00399131
                 2               952             -0.28         -0.465378        0.00399188
                 2               953             -0.44         -0.465352        0.00398778
                 2               954             -0.44         -0.465325        0.00398368
                 2               955             -0.44         -0.465298         0.0039796
                 2               956             -0.36         -0.465188        0.00397696
                 2               957             -0.52         -0.465246        0.00397321
                 2               958             -0.28         -0.465052        0.00397377
                 2               959             -0.44         -0.465026        0.00396971
                 2               960             -0.68          -0.46525        0.00397189
                 2               961             -0.44         -0.465224        0.00396784
                 2               962             -0.36         -0.465114        0.00396522
                 2               963             -0.36         -0.465005        0.00396261
                 2               964             -0.36         -0.464896        0.00395999
                 2               965             -0.36         -0.464788        0.00395738
                 2               966              -0.6         -0.464928        0.00395576
                 2               967             -0.68          -0.46515        0.00395792
                 2               968             -0.76         -0.465455        0.00396555
                 2               969              -0.6         -0.465593        0.00396388
                 2               970             -0.52         -0.465649        0.00396019
                 2               971             -0.44         -0.465623         0.0039562
                 2               972             -0.44         -0.465597        0.00395222
                 2               973              -0.6         -0.465735        0.00395057
                 2               974             -0.44         -0.465708         0.0039466
                 2               975             -0.28         -0.465518        0.00394715
                 2               976             -0.28         -0.465328        0.00394768
                 2               977             -0.28         -0.465138         0.0039482
                 2               978             -0.68         -0.465358        0.00395027
                 2               979              -0.6         -0.465495        0.00394863
                 2               980             -0.28         -0.465306        0.00394914
                 2               981             -0.44          -0.46528        0.00394519
                 2               982             -0.36         -0.465173        0.00394263
                 2               983             -0.44         -0.465148         0.0039387
                 2               984             -0.36         -0.465041        0.00393615
                 2               985             -0.28         -0.464853        0.00393663
                 2               986              -0.2         -0.464584         0.0039418
                 2               987             -0.28         -0.464397        0.00394225
                 2               988             -0.44         -0.464372        0.00393833
                 2               989              -0.6          -0.46451        0.00393674
                 2               990             -0.52         -0.464566        0.00393316
                 2               991             -0.52         -0.464622        0.00392958
                 2               992             -0.36         -0.464516        0.00392704
                 2               993             -0.52         -0.464572        0.00392348
                 2               994              -0.6         -0.464708         0.0039219
                 2               995             -0.68         -0.464925        0.00392392
                 2               996             -0.44           -0.4649        0.00392006
                 2               997             -0.76         -0.465196         0.0039273
                 2               998             -0.52         -0.465251        0.00392374
                 2               999             -0.52         -0.465305         0.0039202
                 2              1000             -0.36           -0.4652        0.00391769
