                 2               100          -0.46304         -0.462272       0.000573027
              1.99               100             -0.46         -0.464293       0.000440013
              1.98               100           -0.4652         -0.466256       0.000600359
              1.97               100          -0.46144         -0.468212       0.000604109
              1.96               100          -0.46936          -0.47012       0.000612118
              1.95               100          -0.47224         -0.472813       0.000471071
              1.94               100          -0.46312         -0.474549       0.000512722
              1.93               100          -0.47448         -0.476701       0.000507173
              1.92               100          -0.47032         -0.479294         0.0006148
              1.91               100          -0.47352         -0.480694       0.000539245
               1.9               100          -0.47824          -0.48211        0.00049613
              1.89               100          -0.47216         -0.485683       0.000521262
              1.88               100          -0.49216         -0.487496       0.000529071
              1.87               100          -0.49272         -0.489937       0.000544656
              1.86               100          -0.47992          -0.49085       0.000546979
              1.85               100          -0.49632         -0.492744       0.000522997
              1.84               100          -0.49488          -0.49691       0.000563465
              1.83               100           -0.5036          -0.49831       0.000514118
              1.82               100          -0.49712         -0.500731       0.000468104
              1.81               100           -0.4948          -0.50189        0.00053655
               1.8               100          -0.50256         -0.503854       0.000584098
              1.79               100          -0.50184         -0.507761       0.000556903
              1.78               100          -0.50304         -0.509039       0.000519598
              1.77               100          -0.50968          -0.51114       0.000524038
              1.76               100          -0.50528         -0.514861       0.000604084
              1.75               100          -0.51408          -0.51711       0.000525282
              1.74               100          -0.51344         -0.518962       0.000574525
              1.73               100          -0.51432         -0.521422       0.000602913
              1.72               100          -0.52656         -0.523998       0.000563408
              1.71               100          -0.52616         -0.526334       0.000556738
               1.7               100          -0.52792         -0.527666        0.00053741
              1.69               100          -0.53512         -0.531254       0.000619525
              1.68               100          -0.54056         -0.533656       0.000539605
              1.67               100          -0.52768         -0.535329         0.0006199
              1.66               100          -0.54224         -0.538906       0.000557479
              1.65               100          -0.54488         -0.540363        0.00056652
              1.64               100          -0.54432         -0.544956       0.000524803
              1.63               100          -0.55064         -0.547657       0.000580336
              1.62               100          -0.53336         -0.549453       0.000592957
              1.61               100          -0.54768          -0.55298       0.000533889
               1.6               100          -0.55608         -0.554149       0.000611813
              1.59               100          -0.55176         -0.557402       0.000593288
              1.58               100          -0.55592         -0.560734       0.000590552
              1.57               100          -0.56528         -0.563557       0.000541955
              1.56               100          -0.56592         -0.566288       0.000610867
              1.55               100          -0.57224         -0.568164        0.00062293
              1.54               100          -0.57328          -0.57157       0.000560341
              1.53               100          -0.57776         -0.574586        0.00057428
              1.52               100          -0.57432         -0.577392       0.000538947
              1.51               100          -0.58904         -0.580436       0.000587725
               1.5               100          -0.57856         -0.583144       0.000543702
              1.49               100          -0.59192         -0.586886       0.000621537
              1.48               100          -0.58432         -0.589841       0.000555548
              1.47               100          -0.59536         -0.592554       0.000576259
              1.46               100          -0.59208         -0.594493       0.000632807
              1.45               100          -0.60472         -0.598581       0.000632305
              1.44               100           -0.5932         -0.600312       0.000595726
              1.43               100          -0.60968         -0.604074       0.000558258
              1.42               100          -0.61512         -0.606962       0.000573029
              1.41               100          -0.60872         -0.610118       0.000568765
               1.4               100          -0.61256         -0.613604       0.000666749
              1.39               100          -0.61224         -0.616235       0.000663845
              1.38               100          -0.63056          -0.62045       0.000606997
              1.37               100          -0.62944         -0.622848       0.000599583
              1.36               100          -0.61864         -0.626921       0.000666821
              1.35               100          -0.62928         -0.630089       0.000585551
              1.34               100          -0.64064         -0.633545       0.000505588
              1.33               100          -0.64448         -0.637531       0.000701228
              1.32               100          -0.63832         -0.639211       0.000702615
              1.31               100           -0.6392         -0.643122       0.000709051
               1.3               100          -0.64832         -0.647491       0.000601493
              1.29               100          -0.65664         -0.650316       0.000585846
              1.28               100          -0.65352         -0.654926       0.000674865
              1.27               100          -0.65696         -0.656767       0.000595431
              1.26               100           -0.6608          -0.66067       0.000639734
              1.25               100          -0.66536         -0.664562       0.000602973
              1.24               100          -0.66776         -0.668206       0.000698785
              1.23               100          -0.66712         -0.671484       0.000664056
              1.22               100          -0.66816         -0.674564       0.000733371
              1.21               100          -0.67888         -0.678004       0.000723064
               1.2               100          -0.68424         -0.682484       0.000652631
              1.19               100           -0.6792         -0.685394       0.000669721
              1.18               100           -0.6948         -0.690803       0.000681778
              1.17               100          -0.69328         -0.693374       0.000666132
              1.16               100          -0.69744         -0.696635       0.000698733
              1.15               100          -0.70648         -0.700596       0.000605779
              1.14               100          -0.69448          -0.70479       0.000613132
              1.13               100          -0.70456         -0.708533       0.000648096
              1.12               100          -0.70968         -0.712673       0.000755358
              1.11               100           -0.7168         -0.717221       0.000613642
               1.1               100          -0.72664          -0.71988       0.000753854
              1.09               100          -0.72112         -0.724584       0.000732364
              1.08               100          -0.72776         -0.728555       0.000721814
              1.07               100          -0.73952         -0.732392        0.00064862
              1.06               100          -0.72928         -0.737858       0.000692179
              1.05               100          -0.74208         -0.741539       0.000654428
              1.04               100          -0.73576         -0.745096       0.000778224
              1.03               100          -0.75232         -0.748774       0.000722577
              1.02               100          -0.76696         -0.753639       0.000780481
              1.01               100          -0.76008         -0.757849       0.000670305
                 1               100          -0.75376         -0.761591       0.000710239
              0.99               100          -0.78064         -0.764877       0.000775064
              0.98               100          -0.76768         -0.769294       0.000782731
              0.97               100          -0.79032         -0.773062        0.00082163
              0.96               100           -0.7728         -0.778489       0.000861881
              0.95               100          -0.79008         -0.783556       0.000771955
              0.94               100           -0.7856         -0.788837        0.00082617
              0.93               100          -0.79464         -0.791042       0.000835959
              0.92               100             -0.79         -0.796218       0.000712872
              0.91               100           -0.8016         -0.800752       0.000772699
               0.9               100          -0.79888         -0.804694        0.00082316
              0.89               100          -0.81984         -0.808834       0.000858054
              0.88               100           -0.8112          -0.81457       0.000862838
              0.87               100          -0.81944         -0.817142       0.000822533
              0.86               100          -0.82952         -0.822802       0.000847663
              0.85               100          -0.82936         -0.825366       0.000868336
              0.84               100           -0.8452         -0.830351       0.000864417
              0.83               100          -0.84352         -0.835672       0.000854254
              0.82               100          -0.84368         -0.839457       0.000909448
              0.81               100          -0.84784         -0.844362       0.000858114
               0.8               100           -0.8252         -0.849538        0.00106012
              0.79               100           -0.8568         -0.852343        0.00100941
              0.78               100           -0.8672         -0.857713        0.00096693
              0.77               100          -0.86696          -0.86203        0.00103525
              0.76               100          -0.85872         -0.866779       0.000943257
              0.75               100          -0.86256         -0.871541         0.0010382
              0.74               100          -0.87312         -0.875722       0.000982864
              0.73               100          -0.87896         -0.879351       0.000981892
              0.72               100          -0.89056          -0.88577        0.00101305
              0.71               100          -0.89464         -0.886766        0.00105718
               0.7               100          -0.88528          -0.89343        0.00101812
              0.69               100          -0.89944         -0.895939        0.00103293
              0.68               100           -0.9216         -0.900864        0.00126464
              0.67               100           -0.8912         -0.906807        0.00131536
              0.66               100          -0.90632          -0.91075        0.00126913
              0.65               100          -0.90688         -0.913828         0.0012713
              0.64               100          -0.91272         -0.918502        0.00117676
              0.63               100          -0.92024          -0.92442        0.00156267
              0.62               100          -0.93216         -0.927912        0.00135928
              0.61               100          -0.92336         -0.932715        0.00147467
               0.6               100             -0.94         -0.934504        0.00147205
              0.59               100          -0.94536         -0.938818        0.00149293
              0.58               100           -0.9524         -0.943974        0.00163134
              0.57               100          -0.95056         -0.946297        0.00189538
              0.56               100          -0.94048         -0.952731         0.0017057
              0.55               100           -0.9384         -0.956996         0.0014925
              0.54               100          -0.94008         -0.960056        0.00153809
              0.53               100          -0.94424         -0.962474         0.0015387
              0.52               100           -0.9544          -0.96613        0.00161087
              0.51               100          -0.94704         -0.970066        0.00168713
