100	19.9457	0
200	18.2916	1.16959
300	16.6039	1.58332
400	16.3894	1.20193
500	16.0364	1.01206
600	16.1867	0.854467
700	15.9984	0.752862
800	16.0165	0.658972
900	15.7273	0.646091
1000	15.7375	0.581561
1100	15.5947	0.545945
1200	15.25	0.599425
1300	15.2871	0.554459
1400	15.2666	0.515232
1500	15.2622	0.480903
1600	15.3959	0.469073
1700	15.5058	0.454169
1800	15.4383	0.433923
1900	15.4571	0.411493
2000	15.4157	0.392998
2100	15.2691	0.400706
2200	15.0638	0.431857
2300	15.06	0.413098
2400	15.1796	0.412858
2500	15.3568	0.432668
2600	15.2955	0.420335
2700	15.3369	0.406795
2800	15.2926	0.394675
2900	15.3273	0.382587
3000	15.2814	0.372571
3100	15.2421	0.362621
3200	15.1837	0.355955
3300	15.2408	0.349718
3400	15.3284	0.350222
3500	15.3997	0.347406
3600	15.424	0.338601
3700	15.4054	0.32996
3800	15.3236	0.331253
3900	15.2342	0.334607
4000	15.2701	0.328159
4100	15.2375	0.321767
4200	15.227	0.314279
4300	15.1962	0.308476
4400	15.1422	0.306156
4500	15.0861	0.304452
4600	15.1045	0.298394
4700	15.1189	0.29239
4800	15.0105	0.305738
4900	14.9786	0.301161
5000	15.0083	0.296602
5100	14.9654	0.293869
5200	15.0057	0.29096
5300	14.9669	0.288041
5400	14.9978	0.284359
5500	14.9588	0.281847
5600	14.9109	0.280863
5700	14.9053	0.275991
5800	14.9129	0.271336
5900	14.907	0.266801
6000	14.9337	0.263696
6100	14.909	0.260536
6200	14.9132	0.256368
6300	14.9413	0.253842
6400	14.94	0.249879
6500	15.0429	0.266384
6600	15.0621	0.263041
6700	15.0363	0.260375
6800	15.0306	0.256608
6900	15.024	0.252975
7000	15.0223	0.249367
7100	15.0133	0.246017
7200	15.047	0.244906
7300	15.0395	0.241667
7400	15.0299	0.238593
7500	15.0812	0.24087
7600	15.133	0.243205
7700	15.1443	0.240309
7800	15.1477	0.237252
7900	15.1713	0.235419
8000	15.1611	0.232698
8100	15.1563	0.229874
8200	15.1824	0.228543
8300	15.1543	0.227506
8400	15.1521	0.224808
8500	15.157	0.222215
8600	15.129	0.221393
8700	15.1648	0.221736
8800	15.1006	0.228331
8900	15.1227	0.226836
9000	15.1115	0.224595
9100	15.115	0.222156
9200	15.0787	0.222686
9300	15.118	0.223718
9400	15.1211	0.221361
9500	15.0891	0.221336
9600	15.0806	0.219195
9700	15.0699	0.217197
9800	15.0932	0.216235
9900	15.079	0.214522
10000	15.0817	0.212394
