100	3.95067	0
200	4.9805	0.728198
300	5.51169	0.650988
400	5.07343	0.618409
500	5.26841	0.524563
600	5.31974	0.43964
700	5.3698	0.379675
800	5.40151	0.333537
900	5.46549	0.302551
1000	5.50927	0.275445
1100	5.4767	0.252322
1200	5.63154	0.274727
1300	5.59226	0.256386
1400	5.60468	0.238374
1500	5.61221	0.222601
1600	5.56204	0.214267
1700	5.56466	0.201679
1800	5.51749	0.195913
1900	5.54131	0.187044
2000	5.48222	0.186793
2100	5.51419	0.180614
2200	5.53608	0.173726
2300	5.48607	0.173221
2400	5.4719	0.166583
2500	5.47345	0.159926
2600	5.48094	0.153951
2700	5.44163	0.153188
2800	5.43401	0.147906
2900	5.42408	0.143139
3000	5.4596	0.142708
3100	5.49487	0.142395
3200	5.54863	0.147746
3300	5.51857	0.146296
3400	5.5103	0.142227
3500	5.49811	0.138684
3600	5.53134	0.138758
3700	5.51774	0.135672
3800	5.5378	0.133576
3900	5.54717	0.130479
4000	5.5771	0.130606
4100	5.60667	0.130723
4200	5.59783	0.12791
4300	5.61057	0.125568
4400	5.6061	0.122794
4500	5.60081	0.120179
4600	5.58118	0.119158
4700	5.58154	0.116623
4800	5.59214	0.114674
4900	5.60142	0.112709
5000	5.56701	0.115586
5100	5.5658	0.113326
5200	5.55497	0.111662
5300	5.54602	0.109914
5400	5.53193	0.108779
5500	5.52999	0.106818
5600	5.54243	0.105632
5700	5.52697	0.104904
5800	5.53696	0.10357
5900	5.54785	0.102386
6000	5.54237	0.100826
6100	5.54835	0.0993502
6200	5.54521	0.0977974
6300	5.54163	0.0963104
6400	5.53922	0.0948358
6500	5.5213	0.0950535
6600	5.50241	0.095472
6700	5.52569	0.0968433
6800	5.52854	0.0954611
6900	5.53849	0.0945945
7000	5.52919	0.0936989
7100	5.5354	0.0925846
7200	5.52084	0.0924366
7300	5.52058	0.0911707
7400	5.51576	0.0900663
7500	5.50812	0.0891885
7600	5.49376	0.0891642
7700	5.50787	0.0891161
7800	5.51832	0.088584
7900	5.52736	0.0879228
8000	5.53265	0.0869829
8100	5.5331	0.0859102
8200	5.53523	0.0848891
8300	5.53667	0.0838785
8400	5.51627	0.0853258
8500	5.52991	0.0854048
8600	5.54303	0.085414
8700	5.52309	0.0867282
8800	5.52331	0.085743
8900	5.51525	0.0851576
9000	5.51015	0.0843642
9100	5.50292	0.0837461
9200	5.51823	0.0842233
9300	5.49917	0.0854473
9400	5.51619	0.0862178
9500	5.54488	0.089957
9600	5.54653	0.0890349
9700	5.55031	0.0881975
9800	5.54508	0.0874526
9900	5.54463	0.0865704
10000	5.54663	0.085728
