100	15.3558	0
200	14.9391	0.294597
300	14.3439	0.524206
400	13.7897	0.620397
500	13.9896	0.527532
600	14.3265	0.536503
700	14.9898	0.76719
800	14.6034	0.762378
900	14.6201	0.677851
1000	14.8199	0.638834
1100	15.0432	0.61855
1200	15.04	0.567012
1300	15.1672	0.537482
1400	15.4407	0.564368
1500	15.3029	0.5433
1600	14.9972	0.589121
1700	15.2269	0.59758
1800	15.0686	0.584958
1900	14.8581	0.590848
2000	14.8517	0.561341
2100	14.8256	0.535214
2200	14.8957	0.51546
2300	14.7714	0.507818
2400	14.989	0.53123
2500	14.9294	0.51331
2600	14.8203	0.505025
2700	14.8078	0.486476
2800	14.8868	0.475474
2900	14.967	0.465794
3000	15.0306	0.454587
3100	14.9972	0.441152
3200	15.0079	0.427496
3300	14.9429	0.419457
3400	14.9967	0.410564
3500	14.8994	0.410211
3600	14.8231	0.405846
3700	14.9048	0.403018
3800	14.8351	0.398406
3900	14.7772	0.39237
4000	14.6863	0.392959
4100	14.7126	0.384257
4200	14.6849	0.376104
4300	14.7436	0.371903
4400	14.8363	0.374834
4500	14.8231	0.366736
4600	14.7718	0.362341
4700	14.8168	0.357416
4800	14.853	0.351799
4900	14.8161	0.346555
5000	14.7847	0.341037
5100	14.7804	0.334377
5200	14.8091	0.329171
5300	14.759	0.326744
5400	14.7703	0.320888
5500	14.7822	0.315274
5600	14.7938	0.309857
5700	14.7946	0.304422
5800	14.7997	0.299216
5900	14.8949	0.308917
6000	14.917	0.304562
6100	14.9207	0.299591
6200	14.9282	0.294853
6300	14.9373	0.290316
6400	14.9632	0.286928
6500	14.9376	0.283653
6600	14.9448	0.279446
6700	14.9499	0.275322
6800	14.935	0.271676
6900	15.0188	0.280351
7000	15.0281	0.276501
7100	15.0504	0.273504
7200	15.0696	0.270382
7300	15.0669	0.266692
7400	15.0559	0.263315
7500	15.0297	0.261106
7600	15.0081	0.25856
7700	15.0275	0.255927
7800	15.0392	0.252916
7900	15.0478	0.249858
8000	15.0083	0.24983
8100	15.0563	0.25131
8200	15.0594	0.248264
8300	15.0486	0.245507
8400	15.0377	0.242827
8500	15.019	0.240682
8600	15.021	0.237891
8700	15.0278	0.235254
8800	15.0187	0.232759
8900	14.9968	0.231171
9000	15.0526	0.23525
9100	15.0826	0.234562
9200	15.0978	0.232504
9300	15.051	0.234665
9400	15.0441	0.232269
9500	15.0072	0.232745
9600	14.9887	0.231052
9700	15.0103	0.229682
9800	14.9991	0.227614
9900	14.9675	0.22749
10000	14.9379	0.227136
