100	6.75303	0
200	5.45973	0.914497
300	5.03086	0.703074
400	5.1826	0.543433
500	5.35322	0.460754
600	5.12729	0.43585
700	4.9701	0.400929
800	5.11349	0.375579
900	5.02466	0.344192
1000	5.19638	0.349997
1100	5.18966	0.318244
1200	5.33064	0.32144
1300	5.20509	0.320298
1400	5.0872	0.318375
1500	5.16116	0.30562
1600	5.20013	0.288993
1700	5.16919	0.273644
1800	5.22762	0.264607
1900	5.26652	0.253523
2000	5.30193	0.243306
2100	5.29797	0.231752
2200	5.35298	0.227654
2300	5.38958	0.220677
2400	5.28412	0.235335
2500	5.32642	0.229691
2600	5.36112	0.223462
2700	5.35839	0.215203
2800	5.38589	0.209266
2900	5.34693	0.205644
3000	5.34314	0.198824
3100	5.35482	0.192753
3200	5.35362	0.186733
3300	5.35699	0.181105
3400	5.31833	0.179856
3500	5.34341	0.176457
3600	5.36585	0.172977
3700	5.33838	0.170469
3800	5.34668	0.166185
3900	5.3959	0.169055
4000	5.43521	0.169337
4100	5.3912	0.170829
4200	5.37836	0.167244
4300	5.37587	0.163373
4400	5.35226	0.161357
4500	5.3813	0.160363
4600	5.40227	0.158242
4700	5.35787	0.160983
4800	5.34123	0.158487
4900	5.33166	0.155541
5000	5.34313	0.152853
5100	5.3228	0.151201
5200	5.30953	0.148875
5300	5.31883	0.146357
5400	5.33425	0.144456
5500	5.33422	0.14183
5600	5.35099	0.140285
5700	5.33771	0.138451
5800	5.33915	0.136071
5900	5.33903	0.133765
6000	5.36586	0.134198
6100	5.35132	0.132783
6200	5.34945	0.130654
6300	5.36158	0.129142
6400	5.35763	0.127185
6500	5.35833	0.125231
6600	5.35407	0.123406
6700	5.3384	0.122554
6800	5.34555	0.120961
6900	5.32014	0.121847
7000	5.33385	0.120876
7100	5.34525	0.11971
7200	5.33812	0.118259
7300	5.33733	0.116642
7400	5.35247	0.116044
7500	5.3642	0.115088
7600	5.34842	0.11465
7700	5.34575	0.113192
7800	5.34659	0.111744
7900	5.36281	0.111499
8000	5.35875	0.11018
8100	5.35498	0.108884
8200	5.34797	0.107781
8300	5.34297	0.106598
8400	5.34709	0.105409
8500	5.34816	0.104174
8600	5.34575	0.102991
8700	5.34974	0.101884
8800	5.35058	0.10073
8900	5.35841	0.0999021
9000	5.35303	0.0989371
9100	5.33872	0.0988801
9200	5.33586	0.0978465
9300	5.34318	0.097068
9400	5.34741	0.0961272
9500	5.35036	0.0951608
9600	5.34688	0.0942335
9700	5.34542	0.0932732
9800	5.3359	0.0928068
9900	5.34601	0.0924188
10000	5.36858	0.0942097
