           1     1.78966     1.78966           0
           2     1.79934      1.7945  0.00342059
           3     1.78196     1.79032   0.0041049
           4     1.79196     1.79073  0.00309906
           5     1.75502     1.78359  0.00685168
           6     1.74985     1.77796  0.00767742
           7     1.74881      1.7738  0.00762728
           8     1.77982     1.77455  0.00671092
           9     1.75823     1.77274  0.00620542
          10     1.78786     1.77425  0.00576623
          11     1.81528     1.77798   0.0063344
          12     1.78658      1.7787   0.0058469
          13     1.76967       1.778   0.0054382
          14     1.79981     1.77956  0.00526813
          15     1.81647     1.78202  0.00546131
          16     1.79474     1.78282  0.00517752
          17      1.8213     1.78508  0.00534492
          18     1.79261      1.7855  0.00506432
          19     1.81944     1.78728  0.00510321
          20     1.81953      1.7889  0.00509637
          21       1.861     1.79233  0.00589806
          22     1.87958      1.7963  0.00683446
          23     1.84106     1.79824   0.0068088
          24     1.80183     1.79839  0.00652675
          25      1.7747     1.79744  0.00633409
          26     1.79486     1.79734  0.00609125
          27     1.78824     1.79701  0.00587497
          28     1.79935     1.79709  0.00566575
          29     1.77522     1.79634  0.00552035
          30     1.74127      1.7945  0.00563326
          31     1.79917     1.79465  0.00545355
          32     1.83562     1.79593  0.00543132
          33     1.79502      1.7959  0.00526681
          34     1.76666     1.79504  0.00518167
          35     1.75041     1.79377  0.00518816
          36     1.76937     1.79309   0.0050881
          37     1.79116     1.79304  0.00495085
          38     1.81439      1.7936  0.00485234
          39     1.79258     1.79357  0.00472799
          40     1.73228     1.79204  0.00485176
          41     1.75357      1.7911  0.00482333
          42     1.82392     1.79189  0.00477134
          43     1.79111     1.79187  0.00466042
          44     1.78735     1.79176  0.00455563
          45     1.77347     1.79136  0.00447249
          46     1.75232     1.79051  0.00445506
          47      1.7704     1.79008  0.00438077
          48     1.75302     1.78931  0.00435703
          49     1.75916     1.78869  0.00431132
          50     1.78932     1.78871  0.00422511
          51     1.81265     1.78918  0.00416828
          52     1.77726     1.78895  0.00409441
          53     1.82204     1.78957  0.00406448
          54     1.79551     1.78968  0.00399071
          55     1.78346     1.78957  0.00391975
          56     1.81253     1.78998  0.00387114
          57     1.78838     1.78995  0.00380333
          58     1.78251     1.78982  0.00373991
          59     1.81198      1.7902  0.00369533
          60     1.76217     1.78973  0.00366314
          61      1.7539     1.78914  0.00364987
          62      1.7488     1.78849  0.00364854
          63     1.77254     1.78824   0.0035994
          64     1.78894     1.78825  0.00354318
          65     1.79211     1.78831  0.00348917
          66     1.82974     1.78894   0.0034923
          67     1.78773     1.78892  0.00344022
          68     1.79842     1.78906  0.00339247
          69     1.76523     1.78871  0.00336084
          70     1.75717     1.78826   0.0033429
          71     1.79108      1.7883  0.00329605
          72     1.81656      1.7887  0.00327356
          73     1.83082     1.78927  0.00327918
          74     1.85729     1.79019  0.00336123
          75     1.83161     1.79074  0.00336148
          76     1.82862     1.79124  0.00335399
          77     1.80397     1.79141   0.0033145
          78     1.79908     1.79151  0.00327347
          79     1.78172     1.79138  0.00323438
          80     1.83297      1.7919  0.00323545
          81     1.87251      1.7929  0.00334504
          82     1.82779     1.79332  0.00333121
          83     1.85833     1.79411   0.0033819
          84     1.92575     1.79567  0.00368694
          85     1.90393     1.79695  0.00385729
          86     1.83614      1.7974  0.00383926
          87      1.7926     1.79735  0.00379553
          88     1.79486     1.79732  0.00375251
          89      1.8356     1.79775  0.00373491
          90     1.84327     1.79825   0.0037275
          91      1.8451     1.79877  0.00372192
          92     1.82324     1.79904  0.00369096
          93     1.83177     1.79939  0.00366801
          94     1.77576     1.79914  0.00363759
          95     1.75894     1.79871  0.00362383
          96     1.80337     1.79876  0.00358641
          97     1.75551     1.79832  0.00357704
          98     1.80809     1.79842  0.00354193
          99     1.82687      1.7987   0.0035178
         100     1.84142     1.79913  0.00350847
