           1     1.39165     1.39165           0
           2     1.39161     1.39163 1.32382e-05
           3     1.39172     1.39166 2.70761e-05
           4     1.39182      1.3917 3.96037e-05
           5     1.39176     1.39171 3.33866e-05
           6     1.39174     1.39172 2.81657e-05
           7     1.39172     1.39172 2.41424e-05
           8     1.39174     1.39172 2.12898e-05
           9     1.39183     1.39173 2.20946e-05
          10     1.39173     1.39173 1.98857e-05
          11     1.39183     1.39174 2.01258e-05
          12     1.39183     1.39175 1.97514e-05
          13     1.39192     1.39176   2.217e-05
          14     1.39185     1.39177 2.15278e-05
          15     1.39196     1.39178  2.3685e-05
          16     1.39184     1.39179 2.25305e-05
          17     1.39193     1.39179 2.27877e-05
          18     1.39187      1.3918 2.18736e-05
          19     1.39179      1.3918 2.07276e-05
          20     1.39175     1.39179 1.98538e-05
          21     1.39165     1.39179 2.00422e-05
          22     1.39179     1.39179 1.91313e-05
          23     1.39173     1.39179 1.84829e-05
          24      1.3918     1.39179 1.77274e-05
          25     1.39176     1.39178 1.70511e-05
          26     1.39172     1.39178  1.6573e-05
          27     1.39177     1.39178 1.59714e-05
          28     1.39178     1.39178  1.5401e-05
          29     1.39192     1.39179 1.55623e-05
          30     1.39173     1.39178 1.51555e-05
          31     1.39174     1.39178 1.47333e-05
          32      1.3918     1.39178 1.42825e-05
          33     1.39191     1.39179 1.43345e-05
          34     1.39179     1.39179 1.39141e-05
          35     1.39185     1.39179 1.36264e-05
          36     1.39182     1.39179 1.32684e-05
          37     1.39185     1.39179 1.29966e-05
          38     1.39179     1.39179 1.26547e-05
          39     1.39187     1.39179 1.24832e-05
          40     1.39177     1.39179 1.21809e-05
          41     1.39174     1.39179 1.19502e-05
          42     1.39171     1.39179  1.1805e-05
          43     1.39176     1.39179 1.15542e-05
          44     1.39185     1.39179 1.13643e-05
          45     1.39176     1.39179 1.11374e-05
          46     1.39176     1.39179 1.09139e-05
          47     1.39171     1.39179 1.07994e-05
          48      1.3918     1.39179 1.05769e-05
          49     1.39166     1.39179 1.06529e-05
          50     1.39173     1.39178 1.04962e-05
          51     1.39168     1.39178 1.04817e-05
          52     1.39167     1.39178 1.04852e-05
          53     1.39161     1.39178 1.07851e-05
          54     1.39186     1.39178 1.06979e-05
          55     1.39173     1.39178 1.05339e-05
          56     1.39179     1.39178 1.03489e-05
          57     1.39172     1.39178 1.02217e-05
          58     1.39183     1.39178 1.00818e-05
          59     1.39188     1.39178 1.00615e-05
          60     1.39191     1.39178 1.01106e-05
          61     1.39184     1.39178 9.98633e-06
          62     1.39182     1.39178 9.84694e-06
          63     1.39168     1.39178 9.83581e-06
          64     1.39186     1.39178 9.76594e-06
          65     1.39179     1.39178 9.61746e-06
          66     1.39179     1.39178 9.47223e-06
          67     1.39179     1.39178 9.33174e-06
          68     1.39171     1.39178 9.26365e-06
          69     1.39173     1.39178 9.16075e-06
          70     1.39165     1.39178 9.22765e-06
          71     1.39171     1.39178 9.14466e-06
          72     1.39165     1.39178 9.17616e-06
          73     1.39174     1.39178 9.06628e-06
          74     1.39188     1.39178 9.04342e-06
          75      1.3919     1.39178 9.06948e-06
          76     1.39181     1.39178 8.95774e-06
          77     1.39174     1.39178 8.85746e-06
          78     1.39177     1.39178 8.74488e-06
          79     1.39165     1.39178 8.77602e-06
          80     1.39154     1.39177 9.15423e-06
          81     1.39162     1.39177 9.22708e-06
          82     1.39176     1.39177 9.11664e-06
          83     1.39143     1.39177 9.89186e-06
          84     1.39159     1.39177  1.0006e-05
          85     1.39161     1.39176 1.00476e-05
          86     1.39171     1.39176  9.9484e-06
          87      1.3917     1.39176 9.86359e-06
          88     1.39156     1.39176 1.00051e-05
          89     1.39156     1.39176   1.014e-05
          90     1.39154     1.39176 1.03111e-05
          91     1.39143     1.39175 1.07863e-05
          92     1.39152     1.39175 1.09509e-05
          93     1.39151     1.39175 1.11422e-05
          94     1.39165     1.39175 1.10707e-05
          95     1.39172     1.39175 1.09572e-05
          96     1.39175     1.39175 1.08433e-05
          97     1.39186     1.39175 1.07938e-05
          98     1.39165     1.39175 1.07281e-05
          99     1.39166     1.39175 1.06556e-05
         100     1.39162     1.39174 1.06179e-05
