           1     1.19311     1.19311           0
           2     1.19956     1.19633  0.00228039
           3     1.18797     1.19355   0.0027366
           4     1.19464     1.19382  0.00206604
           5     1.17001     1.18906  0.00456779
           6     1.16657     1.18531  0.00511828
           7     1.16587     1.18253  0.00508485
           8     1.18655     1.18303  0.00447395
           9     1.17215     1.18183  0.00413694
          10     1.19191     1.18283  0.00384415
          11     1.21018     1.18532  0.00422294
          12     1.19105      1.1858  0.00389794
          13     1.17978     1.18533  0.00362547
          14     1.19987     1.18637  0.00351209
          15     1.21098     1.18801  0.00364087
          16     1.19649     1.18854  0.00345168
          17      1.2142     1.19005  0.00356328
          18     1.19507     1.19033  0.00337621
          19     1.21296     1.19152  0.00340214
          20     1.21302      1.1926  0.00339758
          21     1.24067     1.19489  0.00393204
          22     1.25305     1.19753  0.00455631
          23     1.22737     1.19883   0.0045392
          24     1.20122     1.19893  0.00435117
          25     1.18313      1.1983  0.00422273
          26     1.19657     1.19823  0.00406084
          27     1.19216     1.19801  0.00391665
          28     1.19956     1.19806  0.00377716
          29     1.18348     1.19756  0.00368023
          30     1.16085     1.19633  0.00375551
          31     1.19945     1.19643   0.0036357
          32     1.22375     1.19729  0.00362088
          33     1.19668     1.19727  0.00351121
          34     1.17777      1.1967  0.00345444
          35     1.16694     1.19585  0.00345877
          36     1.17958     1.19539  0.00339207
          37     1.19411     1.19536  0.00330057
          38     1.20959     1.19573  0.00323489
          39     1.19505     1.19572  0.00315199
          40     1.15485      1.1947  0.00323451
          41     1.16904     1.19407  0.00321555
          42     1.21594     1.19459   0.0031809
          43     1.19408     1.19458  0.00310694
          44     1.19157     1.19451  0.00303709
          45     1.18232     1.19424  0.00298166
          46     1.16821     1.19367  0.00297004
          47     1.18027     1.19339  0.00292052
          48     1.16868     1.19287  0.00290468
          49     1.17278     1.19246  0.00287422
          50     1.19288     1.19247  0.00281674
          51     1.20844     1.19278  0.00277885
          52     1.18484     1.19263  0.00272961
          53     1.21469     1.19305  0.00270966
          54     1.19701     1.19312  0.00266047
          55     1.18897     1.19305  0.00261317
          56     1.20835     1.19332  0.00258076
          57     1.19226      1.1933  0.00253555
          58     1.18834     1.19321  0.00249328
          59     1.20799     1.19347  0.00246355
          60     1.17478     1.19315  0.00244209
          61     1.16927     1.19276  0.00243325
          62     1.16587     1.19233  0.00243236
          63     1.18169     1.19216   0.0023996
          64     1.19263     1.19217  0.00236212
          65     1.19474     1.19221  0.00232611
          66     1.21982     1.19262   0.0023282
          67     1.19182     1.19261  0.00229348
          68     1.19895     1.19271  0.00226165
          69     1.17682     1.19248  0.00224056
          70     1.17145     1.19218   0.0022286
          71     1.19405      1.1922  0.00219737
          72     1.21104     1.19246  0.00218237
          73     1.22055     1.19285  0.00218612
          74     1.23819     1.19346  0.00224082
          75     1.22107     1.19383  0.00224098
          76     1.21908     1.19416  0.00223599
          77     1.20265     1.19427  0.00220967
          78     1.19939     1.19434  0.00218231
          79     1.18782     1.19425  0.00215625
          80     1.22198      1.1946  0.00215697
          81     1.24834     1.19526  0.00223003
          82     1.21853     1.19555   0.0022208
          83     1.23889     1.19607   0.0022546
          84     1.28383     1.19712  0.00245796
          85     1.26929     1.19796  0.00257152
          86     1.22409     1.19827  0.00255951
          87     1.19507     1.19823  0.00253035
          88     1.19657     1.19821  0.00250167
          89     1.22373      1.1985  0.00248994
          90     1.22885     1.19884    0.002485
          91     1.23007     1.19918  0.00248128
          92     1.21549     1.19936  0.00246064
          93     1.22118     1.19959  0.00244534
          94     1.18384     1.19942  0.00242506
          95     1.17263     1.19914  0.00241589
          96     1.20225     1.19917  0.00239094
          97     1.17034     1.19888  0.00238469
          98     1.20539     1.19894  0.00236129
          99     1.21792     1.19914   0.0023452
         100     1.22762     1.19942  0.00233898
