           1   -0.398012   -0.398012           0
           2   -0.407724   -0.402868  0.00343382
           3   -0.390233   -0.398657  0.00413109
           4   -0.400139   -0.399027  0.00311489
           5   -0.363262   -0.391874  0.00686609
           6   -0.358112   -0.386247  0.00768927
           7   -0.357089   -0.382082  0.00763612
           8   -0.388082   -0.382832  0.00671834
           9   -0.366403   -0.381006   0.0062149
          10   -0.396132   -0.382519  0.00577454
          11   -0.423443   -0.386239   0.0063357
          12   -0.394747   -0.386948  0.00584726
          13   -0.377752   -0.386241  0.00544009
          14   -0.407957   -0.387792  0.00526802
          15   -0.424502   -0.390239  0.00545577
          16   -0.402897    -0.39103  0.00517182
          17   -0.429365   -0.393285   0.0053366
          18   -0.400742     -0.3937  0.00505618
          19   -0.427655   -0.395487  0.00509612
          20   -0.427784   -0.397102  0.00509075
          21   -0.469352   -0.400542  0.00589744
          22   -0.487793   -0.404508  0.00683401
          23   -0.449334   -0.406457  0.00680912
          24    -0.41003   -0.406606  0.00652703
          25   -0.382943   -0.405659  0.00633421
          26    -0.40314   -0.405562  0.00609133
          27   -0.396476   -0.405226  0.00587501
          28   -0.407565   -0.405309  0.00566578
          29   -0.383302   -0.404551    0.005521
          30   -0.349538   -0.402717  0.00563327
          31   -0.407429   -0.402869   0.0054536
          32    -0.44382   -0.404149  0.00543125
          33   -0.403109   -0.404117  0.00526675
          34   -0.374865   -0.403257  0.00518164
          35   -0.358564    -0.40198  0.00518855
          36   -0.377558   -0.401301  0.00508858
          37   -0.399315   -0.401248  0.00495133
          38   -0.422599    -0.40181  0.00485281
          39   -0.400713   -0.401781  0.00472846
          40   -0.340507    -0.40025  0.00485205
          41   -0.361825   -0.399312  0.00482336
          42   -0.432202   -0.400096  0.00477167
          43   -0.399355   -0.400078  0.00466073
          44   -0.395502   -0.399974  0.00455596
          45   -0.381717   -0.399569  0.00447275
          46   -0.360557    -0.39872  0.00445519
          47   -0.378685   -0.398294  0.00438075
          48    -0.36122   -0.397522  0.00435704
          49   -0.367499   -0.396909  0.00431099
          50   -0.397588   -0.396923  0.00422479
          51   -0.420973   -0.397394  0.00416818
          52   -0.385589   -0.397167  0.00409421
          53   -0.430432   -0.397795  0.00406478
          54   -0.403654   -0.397903  0.00399095
          55   -0.391725   -0.397791  0.00391997
          56   -0.420737   -0.398201  0.00387133
          57   -0.396667   -0.398174   0.0038035
          58   -0.390685   -0.398045  0.00374012
          59   -0.420098   -0.398419  0.00369535
          60   -0.370268   -0.397949  0.00366343
          61   -0.362066   -0.397361   0.0036503
          62    -0.35698    -0.39671  0.00364906
          63   -0.380863   -0.396458   0.0035998
          64   -0.397076   -0.396468  0.00354357
          65   -0.400316   -0.396527  0.00348955
          66   -0.437947   -0.397155  0.00349265
          67   -0.395935   -0.397136  0.00344057
          68   -0.406718   -0.397277  0.00339286
          69     -0.3735   -0.396933  0.00336114
          70   -0.365524   -0.396484  0.00334294
          71   -0.399368   -0.396525   0.0032961
          72    -0.42491   -0.396919  0.00327381
          73   -0.439082   -0.397497  0.00327952
          74   -0.465417   -0.398414  0.00336119
          75   -0.439711   -0.398965  0.00336117
          76   -0.436816   -0.399463  0.00335364
          77   -0.412231   -0.399629  0.00331418
          78   -0.407312   -0.399727  0.00327316
          79   -0.390069   -0.399605  0.00323401
          80   -0.441431   -0.400128  0.00323557
          81   -0.480882   -0.401125  0.00334569
          82   -0.436036   -0.401551  0.00333187
          83   -0.466903   -0.402338  0.00338349
          84   -0.534165   -0.403907  0.00368926
          85   -0.512321   -0.405183  0.00386004
          86   -0.444427   -0.405639  0.00384204
          87   -0.400901   -0.405585  0.00379826
          88   -0.403295   -0.405559  0.00375519
          89   -0.444039   -0.405991   0.0037378
          90   -0.451729   -0.406499  0.00373066
          91   -0.453669   -0.407018   0.0037255
          92   -0.431714   -0.407286  0.00369466
          93   -0.440264   -0.407641  0.00367191
          94   -0.384109    -0.40739  0.00364137
          95   -0.367218   -0.406967  0.00362751
          96   -0.411621   -0.407016  0.00359005
          97   -0.363654   -0.406569  0.00358076
          98   -0.416437    -0.40667  0.00354564
          99   -0.435216   -0.406958  0.00352153
         100     -0.4498   -0.407386  0.00351228
